chr pos1 pos2 recomb_rate
1 135021 405062 1.5331005291789e-06
1 644851 807195 1.33666781648844e-06
1 807195 1060705 3.64285432527316e-06
1 1060705 1312272 1.0080813461225e-05
1 1312272 1559895 6.15855554613263e-06
1 1559895 1727563 1.82056206312475e-05
1 1727563 1813274 1.07395783505034e-05
1 1813274 1899224 1.9825479930192e-05
1 1899224 1983411 3.39304168101964e-05
1 1983411 2270340 1.87799072244353e-05
1 2270340 2758012 1.428214045506e-05
1 2758012 3245684 1.51074902803524e-05
1 3245684 3733356 8.4083154251218e-06
1 3733356 4221028 6.85911842385866e-06
1 4221028 4708700 7.40456700405191e-06
1 4708700 5196372 2.96920881248052e-06
1 5196372 5684044 2.41658327728473e-06
1 5684044 6171716 3.002017749635e-06
1 6171716 6666300 1.95821134529221e-06
1 6666300 7165796 1.03404231465316e-06
1 7165796 7665292 1.46247417396736e-06
1 7665292 8164788 1.09810689174688e-06
1 8164788 8664284 1.4214328042667e-06
1 8664284 9163780 1.20921889264378e-06
1 9163780 9663276 3.47350128929956e-07
1 9663276 10162772 3.21323894485639e-07
1 10162772 10662268 1.18119064016531e-07
1 10662268 11161764 1.70071432003459e-06
1 11161764 11661260 1.2913016320451e-06
1 11661260 12160756 3.54857696558131e-06
1 12160756 12660253 2.23224563911294e-07
1 12660253 13159750 2.96298075864319e-07
1 13159750 13659247 1.05005635669483e-06
1 13659247 14158744 1.91692843000059e-06
1 14158744 14658241 2.43845308380231e-06
1 14658241 15157738 9.22928466036844e-07
1 15157738 15657235 3.02304117942657e-07
1 15657235 16156732 1.61162129101876e-06
1 16156732 16656229 1.18819532449645e-06
1 16656229 17155726 3.05307138981817e-06
1 17155726 17655223 2.35937352977094e-06
1 17655223 18154720 5.06509548605898e-07
1 18154720 18654217 2.36838259288845e-06
1 18654217 19153714 1.26327085047559e-06
1 19153714 19653211 1.65666660660625e-06
1 19653211 20152708 6.60664628616413e-08
1 20152708 20475996 1.11355818960184e-06
1 20475996 20621077 3.25335502236682e-06
1 20621077 20940215 9.91733983417825e-07
1 20940215 21431411 1.48820430133797e-06
1 21431411 21922607 2.4939128168796e-06
1 21922607 22413802 3.54848888934129e-06
1 22413802 22904997 1.17265037306976e-06
1 22904997 23396192 4.63359765469925e-06
1 23396192 23887387 4.92676024796678e-07
1 23887387 24378582 3.58513421349972e-06
1 24378582 24869777 1.4688667433504e-06
1 24869777 25360972 2.18955811846619e-06
1 25360972 25852167 6.68064617921599e-06
1 25852167 26343362 7.91946172090527e-07
1 26343362 26834557 3.76937875996295e-06
1 26834557 27325752 6.38544773460642e-06
1 27325752 27816947 1.18374576288439e-05
1 27816947 28234150 1.60497407736762e-05
1 28234150 28575361 3.33517969819259e-06
1 28575361 28896749 2.98642139718969e-05
1 28896749 29196315 2.87248886722791e-06
2 102895 308683 1.94374793476782e-06
2 308683 653979 2.05186274964089e-06
2 653979 1136783 1.5668884267736e-06
2 1136783 1628129 1.11530367602463e-06
2 1628129 2126018 1.95726356677894e-06
2 2126018 2623907 3.02778330109723e-06
2 2623907 3121796 5.913968776173e-06
2 3121796 3619685 1.0791561974657e-05
2 3619685 4117574 7.08892946018088e-06
2 4117574 4615463 7.31689191767643e-06
2 4615463 5113352 2.95949498783865e-06
2 5113352 5611241 3.29189839502379e-06
2 5611241 6109130 2.40716304236486e-06
2 6109130 6607019 3.42546230183836e-06
2 6607019 7104908 2.29870513307183e-06
2 7104908 7602797 9.49006706314062e-07
2 7602797 8100686 9.53023665917509e-07
2 8100686 8598575 1.91106853133932e-06
2 8598575 9096464 7.60209604952106e-07
2 9096464 9594353 4.740012332066e-07
2 9594353 10092242 1.24124051746474e-06
2 10092242 10590131 4.7701395290918e-07
2 10590131 11088020 4.27806197766974e-07
2 11088020 11585909 1.01126958016746e-06
2 11585909 12083798 6.33675377443571e-07
2 12083798 12581688 3.39432404748034e-07
2 12581688 13079578 5.63377452851028e-07
2 13079578 13577468 6.86898712567034e-07
2 13577468 14075358 1.4260177950953e-07
2 14075358 14573248 4.29813814296331e-07
2 14573248 15071138 3.92657012593145e-07
2 15071138 15569028 3.30394263793208e-07
2 15569028 16066918 4.57932475044692e-07
2 16066918 16564808 9.1084376067002e-07
2 16564808 17062698 1.84578923055294e-06
2 17062698 17560588 1.59874671112093e-06
2 17560588 18058478 4.13344313000863e-06
2 18058478 18556368 2.40314125610075e-06
2 18556368 19054258 7.56894093072767e-06
2 19054258 19552148 6.48335977826428e-06
2 19552148 20050038 9.86462873325433e-06
2 20050038 20547928 1.11801803611239e-05
2 20547928 21045818 1.81415573721103e-05
2 21045818 21543708 1.99702745586375e-05
2 21543708 22041598 1.22768081303099e-05
2 22041598 22539488 7.67539014641788e-06
2 22539488 22906050 5.48201941281419e-06
2 22906050 23139283 4.95212941564873e-06
2 23139283 23369733 9.35126925580381e-07
2 23369733 23595397 1.60415484968804e-06
3 233471 700414 4.51125726266375e-06
3 700414 1167357 1.17765980001842e-05
3 1167357 1634300 9.34375287776024e-06
3 1634300 2101243 7.11650030089326e-06
3 2101243 2568186 3.19632160670574e-06
3 2568186 3035129 1.99274857959108e-06
3 3035129 3515678 5.16076404279271e-07
3 3515678 4007833 1.7270981702919e-07
3 4007833 4499988 2.31532748829129e-06
3 4499988 4992143 1.72709817029188e-06
3 4992143 5484298 5.59782995194603e-07
3 5484298 5976453 5.12033810486531e-07
3 5976453 6468608 1.15410795379505e-06
3 6468608 6960764 1.44974357723974e-06
3 6960764 7452920 1.42028137419843e-06
3 7452920 7945076 2.7917977226733e-06
3 7945076 8437232 1.75655686408374e-06
3 8437232 8929388 1.52898674404051e-06
3 8929388 9421544 1.47107827599379e-06
3 9421544 9913700 1.20185469647835e-06
3 9913700 10405856 1.34611789757719e-06
3 10405856 10898012 5.93307812969875e-07
3 10898012 11390168 2.05930639878412e-06
3 11390168 11882324 1.97701541787563e-06
3 11882324 12374480 3.32618112956055e-06
3 12374480 12866636 2.85478588089955e-06
3 12866636 13358792 2.76131958159608e-06
3 13358792 13850948 5.72582677037362e-06
3 13850948 14257756 5.60829678865706e-06
3 14257756 14577217 4.68758314786468e-06
3 14577217 14776515 2.05822436753003e-05
3 14776515 14853650 1.66072470344202e-05
3 14853650 15027433 9.84273490502523e-06
3 15027433 15295866 1.28709957419542e-05
3 16145695 16526368 1.25488279967321e-05
3 16526368 16907042 2.27727661988998e-05
3 16907042 17159896 1.16331954408473e-05
3 17159896 17282930 2.6614594339776e-05
3 17282930 17421222 2.24886472102508e-05
3 17421222 17572774 4.58918391047299e-06
3 17572774 17689095 3.66227938205485e-06
3 17689095 17768186 6.94137133175717e-06
4 178146 534438 6.16488722733039e-06
4 534438 890730 2.87685381653251e-06
4 890730 1095741 9.02878382135593e-06
4 1419998 1911326 9.84372964699753e-06
4 1911326 2402654 1.13620636316269e-05
4 2402654 2893982 1.20489774651557e-05
4 2893982 3385310 1.30371157353133e-05
4 3385310 3876638 1.33922756285007e-05
4 3876638 4367966 5.90745896834702e-06
4 4367966 4859294 4.68729646997525e-06
4 4859294 5350622 2.28564217793409e-06
4 5350622 5841950 5.47495766575486e-06
4 5841950 6333278 5.82095870782858e-06
4 6333278 6824606 1.64961085059267e-06
4 6824606 7315934 1.46846912856585e-06
4 7315934 7807262 6.96072684642436e-07
4 7807262 8298591 5.94306462675726e-07
4 8298591 8789920 1.1489246513029e-06
4 8789920 9280542 3.49556277541566e-07
4 9280542 9768457 1.51050900259266e-06
4 9768457 10256372 7.17338060932747e-07
4 10256372 10744287 6.44579486180992e-07
4 10744287 11232202 1.4172550546714e-06
4 11232202 11720117 1.8333111300124e-06
4 11720117 12208032 6.56876710082697e-07
4 12208032 12695947 8.67979053728629e-07
4 12695947 13183862 1.26661406187553e-06
4 13183862 13671777 7.31684822151405e-07
4 13671777 14159692 1.95423383171249e-06
4 14159692 14647607 1.22562331553652e-06
4 14647607 15135522 2.08642898865581e-06
4 15135522 15623437 1.5258805324698e-06
4 15623437 16111352 1.46644395027822e-06
4 16111352 16599267 1.98497689146676e-06
4 16599267 17087182 7.66526956539559e-07
4 17087182 17575098 4.64219250854658e-07
4 17575098 18054384 9.42026264067792e-07
4 18054384 18523039 2.07935474922918e-06
4 18523039 18991694 2.63520073401543e-07
4 18991694 19460349 1.51497370133691e-07
4 19460349 19929004 5.48377804568396e-07
4 19929004 20397659 2.91259028496445e-07
4 20397659 20866314 2.91259028496445e-07
4 20866314 21334969 7.36149192903123e-08
4 21334969 21803624 2.8272396539032e-07
4 21803624 22272279 3.62740182010224e-07
4 22272279 22740934 2.72055136507653e-07
4 22740934 23209588 2.35781621409394e-07
4 23209588 23532230 1.14058306110178e-06
4 23706859 24040712 4.58285532854298e-07
4 24040712 24531790 2.16157107424889e-06
4 24531790 25022868 1.52725228986027e-06
4 25022868 25513945 5.46757433152037e-07
4 25513945 26005022 3.10541931306088e-07
4 26005022 26496099 2.00579542515739e-07
4 26496099 26987176 5.07048792755512e-07
4 26987176 27478253 1.03344282057599e-06
4 27478253 27969330 1.90397839849963e-06
4 27969330 28460407 6.08865819413248e-07
4 28460407 28916455 6.29319720731165e-07
4 28916455 29335474 3.84708091995828e-06
4 29335474 29754493 2.65501087062877e-06
4 29754493 30173512 4.28142876576004e-06
4 30173512 30592531 7.65120436066144e-06
4 30592531 31021058 3.82472983032573e-06
4 31021058 31457091 3.45157361942791e-06
4 31457091 31893124 1.42122270562091e-05
4 31893124 32329157 1.53497556377614e-05
4 32329157 32765190 1.38361087348893e-05
4 32765190 33082180 4.46386321335058e-05
4 33082180 33278128 8.31087839630924e-06
4 33278128 33443660 9.76548341106253e-06
4 33443660 33576778 6.3402394867712e-06
4 33576778 33771606 2.46679122097439e-05
4 33771606 34026143 9.27173652553465e-06
5 202093 606278 7.68212575924391e-07
5 606278 1010463 2.44442520133107e-06
5 1010463 1430929 3.14650887348799e-06
5 1430929 1865675 8.3370519797767e-06
5 1865675 2300422 2.47385260852864e-06
5 2300422 2735169 4.20819465114193e-06
5 2735169 3199720 1.9373545638692e-07
5 3199720 3692076 3.10750757581913e-07
5 3692076 4184432 8.85538106573294e-07
5 4184432 4676788 1.06122399239575e-06
5 4676788 5169144 2.77644631120571e-06
5 5169144 5661500 2.17017767631551e-06
5 5661500 6153856 1.0307582318485e-06
5 6153856 6646212 8.35777364346122e-07
5 6646212 7138568 2.48803711135845e-06
5 7138568 7630924 3.35224918554867e-06
5 7630924 8123279 9.63735516040256e-07
5 8123279 8615634 2.21588081770267e-06
5 8615634 9107989 9.56626824141118e-07
5 9107989 9600344 1.27347137735984e-06
5 9600344 10092699 2.86175625311005e-06
5 10092699 10585054 3.24867219790598e-06
5 10585054 11053685 7.61366618938995e-06
5 11053685 11496592 4.18372254220412e-06
5 11496592 11939499 9.12042482959176e-06
5 11939499 12382406 3.65539492489394e-06
5 12382406 12825313 6.96195815374334e-06
5 12825313 13268220 1.74009442162802e-05
5 13268220 13605731 1.05552115338463e-05
5 13605731 13835843 1.16378111528299e-05
5 13835843 14137744 2.2078429683903e-05
5 14137744 14509434 1.42699561462509e-05
5 14509434 14785693 1.22783330135851e-05
5 14785693 14964521 6.05050663207104e-06
5 14964521 15107514 5.17158182568377e-06
5 15107514 15212673 3.86557498644907e-06
5 15212673 15340588 3.21307118008048e-06
5 15340588 15489259 8.94929071574145e-06
6 166986 500956 7.48570230859059e-07
6 500956 834926 7.02757732730485e-06
6 834926 1224100 4.64188255124957e-06
6 1224100 1666478 5.59928387035522e-06
6 1666478 2037710 9.34725454702181e-07
6 2037710 2335798 1.62032688333646e-06
6 2335798 2712343 1.69169687553944e-06
6 2712343 3165347 1.37636753759349e-06
6 3165347 3618351 2.21300474167999e-06
6 3618351 4071355 4.74499121420562e-06
6 4071355 4524358 2.59159431615243e-06
6 4524358 4977361 2.48011602572168e-06
6 4977361 5430364 3.4469970397547e-06
6 5430364 5905060 3.83087281123077e-06
6 5905060 6399450 3.38599081696636e-06
6 6399450 6893840 2.10865915572726e-06
6 6893840 7388230 7.69635308157525e-07
6 7388230 7882620 1.61714435971602e-06
6 7882620 8377010 1.74356277432796e-06
6 8377010 8871400 6.40182851594894e-07
6 8871400 9365790 1.01337001152936e-06
6 9365790 9860180 1.27935435587289e-06
6 9860180 10354570 5.89615485750118e-07
6 10354570 10848960 1.09225510224721e-06
6 10848960 11343350 8.64701955945711e-07
6 11343350 11837740 9.10212585206014e-07
6 11837740 12332130 1.25912740953498e-06
6 12332130 12826520 1.93167337527054e-06
6 12826520 13320910 2.02775137037561e-06
6 13320910 13815300 1.40071603390036e-06
6 13815300 14309690 2.82064766682174e-06
6 14309690 14804080 2.34632577519772e-06
6 14804080 15298470 7.30496166993669e-06
6 15298470 15792861 6.65060650375917e-06
6 15792861 16287252 7.3716956821625e-06
6 16287252 16781643 1.36723767220682e-05
6 16781643 17276034 1.56697836327927e-05
6 17276034 17770425 1.75165000981005e-05
6 17770425 18078899 1.87341558769945e-05
6 18199457 18366492 6.61538001017753e-06
6 18366492 18578005 3.72081148676437e-06
6 18727316 18812427 6.14491663827233e-06
7 68672 206016 5.20590633737186e-06
7 206016 338762 3.03813297575822e-05
7 338762 464911 8.99333328048577e-06
7 464911 663917 1.16202526556988e-05
7 663917 933779 4.92103371352766e-06
7 933779 1166343 7.83010268141243e-06
7 1166343 1359610 1.51551998013111e-05
7 1359610 1669016 1.85096604461452e-05
7 1669016 2092563 1.18074263304899e-05
7 2092563 2516110 8.03334694850867e-06
7 2516110 2969709 4.78175657353742e-06
7 2969709 3451361 8.39298912908075e-06
7 3451361 3933013 1.90656324483237e-05
7 3933013 4414665 7.243819188958e-06
7 4414665 4896317 6.33652512602461e-06
7 4896317 5379883 3.61274365856987e-06
7 5379883 5863364 2.60610034313655e-06
7 5863364 6346845 9.18340120914781e-07
7 6346845 6830326 5.04673399781997e-07
7 6830326 7313807 1.08484097617074e-06
7 7313807 7797288 6.38080917347311e-07
7 7797288 8280769 5.36732570669801e-07
7 8280769 8764250 5.38800904275453e-07
7 8764250 9247731 1.26064933265216e-06
7 9247731 9731212 1.15826681917174e-07
7 9731212 10214693 8.39743443899536e-07
7 10214693 10698174 5.21220068627321e-07
7 10698174 11034256 3.42178396938848e-07
7 11034256 11220940 2.02749030447172e-06
7 11220940 11533805 7.33543221517262e-07
7 11533805 11970850 3.48934320264503e-07
7 11970850 12407895 1.00676131748448e-07
7 12407895 12844940 2.47114141564363e-07
7 12844940 13310199 2.78339591496334e-07
7 13310199 13801673 3.45898257079785e-08
7 14784621 15276095 7.91496600023608e-07
7 15276095 15767569 1.93296084838674e-07
7 15767569 16259043 1.95330780468543e-07
7 16259043 16750517 3.47932952709617e-07
7 16750517 17241992 2.27885446869115e-07
7 17241992 17733467 3.30637367109215e-07
7 17733467 18224942 5.99216643776379e-07
7 18224942 18716417 3.27585329874353e-07
7 18716417 19207892 1.1394272343456e-06
7 19207892 19699367 4.48649473523572e-07
7 19699367 20190842 2.0346914899028e-07
7 20190842 20682317 5.84973803347063e-07
7 20682317 21173792 4.05920952235625e-07
7 21173792 21665267 1.40597181952287e-06
7 21665267 22156742 5.44279973549007e-07
7 22156742 22648217 1.6379266493718e-07
7 22648217 23139692 1.16893026094918e-06
7 23139692 23631167 3.59123047967853e-07
7 23631167 24122642 1.50261966529325e-06
7 24122642 24614117 4.08972989470487e-07
7 24614117 25105592 1.25743934075998e-06
7 25105592 25597067 1.73559184088712e-06
7 25597067 26088542 3.19446563914746e-06
7 26088542 26580017 3.49661732539805e-06
7 26580017 27071492 5.78462790579378e-06
7 27071492 27562967 9.54473777913424e-06
7 27562967 28054442 1.14532783966631e-05
7 28054442 28545917 1.30749275141157e-05
7 28545917 29037392 2.07294368991302e-05
7 29037392 29528867 1.75166590365736e-05
7 29528867 30020342 9.25784627905793e-06
7 30020342 30331934 6.09129887801996e-06
7 30331934 30461645 3.65427758632655e-06
7 30461645 30608224 2.04667790065433e-07
7 30608224 30769673 2.90494211794433e-06
8 194820 584460 8.14598090545118e-06
8 584460 974101 8.86713667196214e-07
8 974101 1398347 4.10021544104128e-06
8 1398347 1855199 2.37932634638789e-06
8 1855199 2312051 3.05788307810845e-06
8 2312051 2764997 2.25523572346372e-06
8 2764997 3212037 6.82601109520401e-06
8 3212037 3659077 8.55292591267001e-06
8 3659077 4106118 6.83718048232712e-06
8 4106118 4553159 8.52606360490425e-06
8 4553159 5000200 5.63594838057359e-06
8 5000200 5447241 4.79821761314958e-06
8 5447241 5914967 2.09096778883363e-06
8 5914967 6401378 2.10727142272687e-06
8 6401378 6887789 2.38789829999732e-06
8 6887789 7374200 2.17305940860712e-06
8 7374200 7860611 1.75571687317927e-06
8 7860611 8347022 6.42460799611847e-07
8 8347022 8833433 1.97363957640761e-06
8 8833433 9319844 7.65813273137327e-07
8 9319844 9806255 1.02793727937898e-07
8 9806255 10292666 1.44836362664496e-06
8 10292666 10779077 4.18370472707241e-07
8 10779077 11265488 2.63151943521018e-07
8 11265488 11751899 6.9899734997769e-07
8 11751899 12238310 3.4333105131258e-07
8 12238310 12724721 3.62861859620768e-07
8 12724721 13211132 8.36740945414478e-07
8 13211132 13697543 2.95017999181761e-07
8 13697543 14183954 8.62439377398955e-07
8 14183954 14670365 1.75777274773802e-06
8 14670365 15156776 2.15661241213707e-06
8 15156776 15643187 3.52993661738735e-06
8 15643187 16129598 2.8042128981458e-06
8 16129598 16616009 5.78317513378604e-06
8 16616009 17102420 6.43385943163292e-06
8 17102420 17588831 1.17441834169046e-05
8 17588831 18075242 1.56832390714848e-05
8 18075242 18561653 1.02269479925413e-05
8 18561653 19048064 1.06679330853949e-05
8 19048064 19498059 1.5711285680952e-05
8 19498059 19909640 7.06665273664235e-06
8 19909640 20175237 8.26816567958222e-06
8 20175237 20292851 8.92750862992535e-07
8 20292851 20399149 3.61248565354005e-06
8 20399149 20492133 1.33786457885228e-05
9 239344 718032 4.36505615348619e-06
9 718032 1196721 7.30014685944319e-06
9 1196721 1675410 1.28549016167073e-05
9 1675410 2154099 2.12267254940055e-05
9 2154099 2632788 8.54939219409679e-06
9 2632788 3111477 1.84984405323708e-06
9 3111477 3590166 1.90938166534012e-06
9 3590166 4068855 4.12585206679075e-07
9 4068855 4551789 1.2838193210666e-07
9 4551789 5036968 7.21383242061254e-08
9 5036968 5522147 1.37268925489355e-06
9 5522147 6007326 7.87338281335353e-07
9 6007326 6492505 1.39020856220075e-06
9 6492505 6977684 1.21810713159473e-06
9 6977684 7462863 6.45122727900429e-07
9 7462863 7948041 1.75090379201035e-06
9 7948041 8433219 1.60147409816604e-06
9 8433219 8918397 4.48289081532966e-07
9 8918397 9403575 8.29592438239158e-07
9 9403575 9888753 2.38469180383282e-06
9 9888753 10373931 5.61649538932101e-07
9 10373931 10859109 6.09054821117199e-07
9 10859109 11344287 1.53242727411383e-06
9 11344287 11829465 2.03121328667005e-06
9 11829465 12314643 8.58447827395298e-07
9 12314643 12799821 1.11299358173701e-06
9 12799821 13284999 3.26684227232071e-07
9 13284999 13770177 9.80052681696199e-07
9 13770177 14255355 2.93397474741229e-06
9 14255355 14740533 2.70107053493769e-06
9 14740533 15225711 2.07140472156611e-06
9 15225711 15710889 4.41384399127743e-06
9 15710889 16196067 4.05830437488921e-06
9 16196067 16681245 7.1983890448454e-06
9 16681245 17166423 6.66868654390759e-06
9 17166423 17651601 1.37702039251574e-05
9 17651601 18046342 1.21649385293141e-05
9 18046342 18348647 1.06812656092357e-05
9 18348647 18633412 9.61143398942989e-06
9 18633412 18898636 9.29968630289867e-06
9 18898636 19145457 1.03678374206409e-05
9 19145457 19371874 5.92932509484711e-06
9 19371874 19516386 1.10890445084146e-05
9 19516386 19576992 1.29525129525129e-05
9 19689824 19747231 3.51176685770026e-05
9 19747231 19805690 0.000146564258711233
9 19805690 19873168 6.56510270013931e-05
9 19873168 19947667 1.63425012416274e-05
9 19947667 20011536 3.12671248962721e-05
9 20215496 20467694 7.53178058509585e-06
10 85969 257907 3.17556328443974e-06
10 257907 404005 2.64548453777601e-06
10 404005 522261 4.75662968475173e-06
10 522261 678545 1.42688950884288e-06
10 678545 870857 3.03673197720371e-06
10 1523080 1893125 2.41862476185329e-06
10 1893125 2321500 1.67143274000584e-06
10 2321500 2806207 4.55945550610988e-06
10 2806207 3290914 8.39682529858244e-06
10 3290914 3775621 2.66140163026323e-06
10 3775621 4260328 7.02486244267155e-06
10 4260328 4745035 3.71667832319319e-06
10 4745035 5229742 3.46807452749806e-06
10 5229742 5714449 3.00800277280914e-06
10 5714449 6199156 5.65186803574118e-06
10 6199156 6683863 3.20193436447173e-06
10 6683863 7168570 4.78330207733744e-06
10 7168570 7653277 1.94344212070385e-06
10 7653277 8137984 9.05701795105084e-07
10 8137984 8622691 5.62195305617619e-07
10 8622691 9107398 1.09963338676768e-06
10 9107398 9592105 2.00120897779483e-06
10 9592105 10076812 1.25023983561203e-06
10 10076812 10561519 8.07704448254311e-07
10 10561519 11046226 9.07764897144047e-07
10 11046226 11530933 1.46892865174219e-06
10 11530933 12015640 1.56795754961244e-06
10 12015640 12500347 1.43901367217721e-06
10 12500347 12985054 3.81158101698552e-06
10 12985054 13469761 1.93725281458695e-06
10 13469761 13954468 5.53014501544232e-06
10 13954468 14439175 1.05011893783255e-05
10 14439175 14923882 1.26117427641854e-05
10 14923882 15408589 1.22630785196005e-05
10 15408589 15893296 1.87329665137908e-05
10 15893296 16378003 2.10178520219432e-05
10 16378003 16668194 1.61273092549391e-06
10 16668194 16761869 5.14544969308776e-06
10 16761869 16837045 4.69564754708947e-06
10 16837045 16891719 2.05033471119728e-05
10 16891719 17105928 7.60238832168581e-06
10 17105928 17477671 3.3531229908835e-06
10 17477671 17849415 4.38877291899803e-06
11 147809 443427 1.72858215670223e-06
11 708422 903188 1.66353470318228e-06
11 903188 1213264 2.10916033488564e-06
11 1213264 1567226 2.48049225623089e-06
11 1567226 1963073 2.42139008253189e-06
11 1963073 2358920 7.75552170409274e-07
11 2358920 2754766 2.34813538598344e-06
11 2754766 3202658 3.93286774490279e-06
11 3202658 3700595 6.67554329162123e-06
11 3700595 4198532 2.11472535682225e-06
11 4198532 4696469 5.69549963147948e-06
11 4696469 5194406 1.39676304432087e-06
11 5194406 5692343 3.74746202832889e-06
11 5692343 6190280 1.58353365988067e-06
11 6190280 6688217 5.42237270980049e-08
11 6688217 7186154 2.00627790262624e-06
11 7186154 7684091 1.57750880131422e-06
11 7684091 8182028 1.33149374318438e-06
11 8182028 8679965 8.21389051225357e-07
11 8679965 9177902 1.254174724915e-06
11 9177902 9675839 1.36463046529983e-06
11 9675839 10173776 1.57851294440863e-06
11 10173776 10671714 1.04430672091706e-06
11 10671714 11169652 9.18789086191453e-07
11 11169652 11667590 3.74444207913435e-06
11 11667590 12165528 1.34354076210291e-06
11 12165528 12663466 1.27124260450096e-06
11 12663466 13161404 1.84862372423876e-06
11 13161404 13659342 2.75034241210753e-06
11 13659342 14157280 6.22567468239018e-06
11 14157280 14655218 7.54812848185919e-06
11 14655218 15153156 1.73123963224337e-05
11 15153156 15651094 1.23579642445445e-05
11 15651094 15948907 1.57666052187111e-05
11 15948907 16044596 1.83615671602796e-05
11 16044596 16239381 9.35903688682397e-06
11 16239381 16531261 1.23321227901877e-05
11 16531261 16776788 4.39137039918217e-05
11 16776788 16973962 3.26615070952555e-06
11 16973962 17180868 1.39870279257247e-05
11 17180868 17395508 5.12486023108461e-06
11 17395508 17539515 1.26521627420889e-05
12 92323 276969 4.09161314082081e-06
12 276969 426020 7.69199804093901e-06
12 426020 537476 1.06364843525696e-05
12 537476 631034 1.6700870048526e-05
12 631034 704694 1.61417322834646e-05
12 704694 776975 5.0082317621505e-06
12 926425 1016623 1.59427038293532e-05
12 1016623 1240220 3.23439044352116e-05
12 1240220 1595215 2.13890336483612e-05
12 1595215 1950210 9.24520063662869e-06
12 1950210 2233870 1.1205316223648e-05
12 2233870 2444194 9.25476883284838e-06
12 2444194 2767649 2.09967383407275e-05
12 2767649 3202235 5.54550767857226e-06
12 3202235 3660785 2.65837967506269e-06
12 3660785 4141300 3.87188745408572e-06
12 4141300 4629768 4.23466839178821e-06
12 4629768 5124189 2.62327045170007e-06
12 5124189 5618610 1.39860564175065e-06
12 5618610 6113031 1.87188650967495e-06
12 6113031 6607452 2.59293193452544e-06
12 6607452 7101873 1.04870141033653e-06
12 7101873 7596294 4.33840795597269e-07
12 7596294 8090715 1.45624882438244e-07
12 8090715 8585136 3.66084773907252e-07
12 8585136 9079557 1.45928267609993e-06
12 9079557 9573978 1.16601034341179e-06
12 9573978 10068399 9.04087811804101e-07
12 10068399 10562820 2.14392188034088e-07
12 10562820 11057241 8.13072260280209e-07
12 11057241 11551662 2.91249764876489e-07
12 11551662 12046083 1.50681301967351e-06
12 12046083 12540504 1.43602314626604e-06
12 12540504 13034925 1.24590177197166e-06
12 13034925 13529346 1.48254220593381e-06
12 13529346 14023767 1.48860990936873e-06
12 14023767 14518188 2.85080933050983e-06
12 14518188 15012609 2.00942112086664e-06
12 15012609 15507030 2.41292339928927e-06
12 15507030 16001450 7.44812103070264e-06
12 16001450 16495870 4.69742324339631e-06
12 16495870 16990290 2.05796691072367e-06
12 16990290 17484710 1.82334857004168e-06
12 17484710 17979130 2.60305003842885e-06
12 17979130 18473550 1.25399457950731e-06
12 18473550 18906986 2.86086065762903e-07
12 18906986 19277438 3.09216848606569e-06
12 19277438 19648756 5.25290990471778e-06
12 19648756 20018939 7.92986171704266e-06
12 20018939 20389122 5.17987049648416e-06
12 20389122 20624440 8.0380591369976e-06
12 20624440 20722895 1.847036717282e-05
13 245711 737133 2.13869138947788e-06
13 737133 1228554 2.7115243345319e-06
13 1228554 1700080 8.74819204031167e-07
13 1700080 2149711 3.38277387457715e-06
13 2149711 2599342 4.55151001599089e-06
13 2599342 3069782 3.42445370291642e-06
13 3069782 3559032 3.05160960654062e-06
13 3559032 4048282 4.64690853346959e-06
13 4048282 4537532 2.90853346959632e-06
13 4537532 5026782 3.8160449667859e-06
13 5026782 5516032 2.77363311190598e-06
13 5516032 6005282 3.52171691364333e-06
13 6005282 6494532 1.55748594787941e-06
13 6494532 6983782 1.4460909555442e-06
13 6983782 7473032 1.62493612672459e-07
13 7473032 7962282 2.34236075625958e-06
13 7962282 8451532 1.16811446090955e-06
13 8451532 8940782 9.25907000510985e-07
13 8940782 9430032 8.13490035769037e-07
13 9430032 9919282 1.08840061318344e-06
13 9919282 10408532 1.11803781297905e-06
13 10408532 10897782 5.51865099642312e-07
13 10897782 11387032 8.24731732243224e-07
13 11387032 11876283 2.91261540599815e-07
13 11876283 12365534 6.40775389319591e-07
13 12365534 12854785 1.06489307124564e-06
13 12854785 13344036 1.17219995462452e-06
13 13344036 13833287 1.53499941747692e-06
13 13833287 14322538 1.0546733680667e-06
13 14322538 14811789 1.09759612141825e-06
13 14811789 15301040 1.80888746267254e-06
13 15301040 15790291 2.6949357282867e-06
13 15790291 16279542 2.91976919822341e-06
13 16279542 16768793 5.40826692229551e-06
13 16768793 17258044 3.82625687019546e-06
13 17258044 17747295 7.83851233824765e-06
13 17747295 18236546 1.52835661041061e-05
13 18236546 18676908 1.6092442127159e-05
13 18676908 19066381 1.18583316430151e-05
13 19066381 19455854 1.01393421366821e-05
13 19455854 19681615 3.93203431947945e-05
13 19877416 20086872 1.01715873500879e-05
13 20086872 20217918 6.41377836790134e-06
13 20342495 20437735 2.74569508609826e-06
14 106905 229971 1.1042855053386e-05
14 229971 402831 3.02556982529214e-06
14 402831 519118 5.92499591527858e-06
14 519118 576833 3.53460972017673e-06
14 576833 645310 1.77066752340202e-05
14 645310 722549 1.06034516241795e-05
14 722549 1007095 8.69103765296297e-06
14 1007095 1496949 1.2831374246204e-05
14 1496949 1986803 1.63252724281112e-05
14 1986803 2476657 1.80543590539222e-05
14 2476657 2966511 1.17034871614808e-05
14 2966511 3456365 1.02040608017899e-05
14 3456365 3946219 7.27972007986052e-06
14 3946219 4436073 5.1025407570419e-06
14 4436073 4925927 5.31178677728465e-06
14 4925927 5415781 2.51503509208866e-06
14 5415781 5905635 2.4017360274694e-06
14 5905635 6395489 2.23229778668747e-06
14 6395489 6885343 3.16216668640044e-06
14 6885343 7375197 2.43133668399156e-06
14 7375197 7865051 1.6096632874285e-06
14 7865051 8354905 2.30476835955203e-06
14 8354905 8844760 1.65355054046605e-06
14 8844760 9334615 2.76714537975523e-06
14 9334615 9824470 1.76889079421462e-06
14 9824470 10314325 1.6749854548795e-06
14 10314325 10804180 2.35069561400823e-06
14 10804180 11294035 2.32926069959477e-06
14 11294035 11783890 2.19860979269375e-06
14 11783890 12273745 1.41368364107746e-06
14 12273745 12763600 1.29630196690859e-06
14 12763600 13253455 2.44970450439425e-07
14 13253455 13715635 3.98113289194681e-07
14 13715635 14148141 6.15020369659608e-07
14 14148141 14580646 3.24158102218472e-06
14 14580646 15013151 3.79648790187396e-06
14 15013151 15445656 1.47281534317522e-06
14 15445656 15790122 1.89568781824623e-06
14 15790122 16044548 3.18363689245597e-06
15 85386 256156 1.14481466299701e-05
15 256156 384254 1.10618432762416e-05
15 384254 467679 3.78783338327839e-06
15 467679 547316 1.18286726019313e-05
15 547316 621164 5.01029140938143e-06
15 621164 840920 1.28369646335026e-05
15 840920 1204584 1.3583967618461e-05
15 1204584 1633877 1.51271975084616e-05
15 1633877 2126801 1.328500945379e-05
15 2126801 2619725 1.6842352979364e-05
15 2619725 3112649 1.13141173892933e-05
15 3112649 3605573 6.47158588342219e-06
15 3605573 4098497 5.35985263448321e-06
15 4098497 4591421 3.22564939016967e-06
15 4591421 5084345 1.21114005404485e-06
15 5084345 5577270 2.11391185271593e-06
15 5577270 6070195 1.71121367347974e-06
15 6070195 6563120 1.23649642440534e-06
15 6563120 7056045 1.32373079068824e-06
15 7056045 7548970 1.21823806867171e-06
15 7548970 8041895 9.66678500786119e-07
15 8041895 8534820 1.44545316224579e-06
15 8534820 9027745 1.69194096464979e-06
15 9027745 9520670 1.99523254044733e-06
15 9520670 10013595 2.16868691991681e-06
15 10013595 10506520 3.66688644317088e-06
15 10506520 10999445 3.13637977379925e-06
15 10999445 11492370 4.13044580818584e-06
15 11492370 11985295 1.91205558654967e-06
15 11985295 12478220 3.30273368159456e-06
15 12478220 12971145 5.50489425368972e-06
15 12971145 13464070 1.19490794745651e-06
15 13464070 13956995 2.34011259319369e-06
15 13956995 14449920 1.68382613987926e-07
15 14449920 14760196 6.63925021593688e-07
15 14760196 14885823 5.1103664021269e-06
15 14885823 15175766 9.76053914045179e-07
15 15175766 15628026 3.80975545040465e-06
15 15628026 16080285 6.27627089787047e-06
15 16080285 16532544 3.80644719065845e-06
15 16532544 16900531 2.22969833173453e-06
15 16900531 17182248 2.93379526262172e-06
16 240064 720191 1.98905706198568e-06
16 720191 1200318 1.40483663697313e-06
16 1200318 1680445 5.30172225265399e-06
16 1680445 2160572 3.30954101727251e-06
16 2160572 2640699 8.51024833012932e-06
16 2640699 3120826 1.19176801138032e-05
16 3120826 3600954 6.26812016795521e-06
16 3600954 4081082 3.63340609170888e-06
16 4081082 4561210 3.82814582777926e-06
16 4561210 5041338 1.74640929085578e-06
16 5041338 5529819 2.79437685396156e-06
16 5529819 6024652 2.34523566536589e-06
16 6024652 6519485 1.46109899703536e-06
16 6519485 7014318 2.79690319764445e-06
16 7014318 7509152 1.17312068289568e-06
16 7509152 8003986 1.54092079363989e-06
16 8003986 8498820 9.90231067388252e-07
16 8498820 8993654 1.43179328825424e-06
16 8993654 9488488 1.60356806525016e-06
16 9488488 9983322 8.73020043085157e-07
16 9983322 10478156 6.42639753937687e-07
16 10478156 10972990 8.47759046468111e-07
16 10972990 11467824 1.19332948018931e-06
16 11467824 11962658 1.15089100587268e-06
16 11962658 12457492 8.25529369445107e-07
16 12457492 12952326 3.35466035074386e-07
16 12952326 13447160 1.97844125504715e-06
16 13447160 13941994 3.15459325753687e-06
16 13941994 14436828 3.12124874200237e-06
16 14436828 14931662 4.03367593981011e-06
16 14931662 15426496 8.24518929580426e-06
16 15426496 15921330 9.1687313321235e-06
16 15921330 16413003 1.51096358758768e-05
16 16413003 16899513 2.8135084582023e-05
16 16899513 17386023 9.53115043883989e-06
16 17386023 17872533 1.74713777722924e-08
16 17872533 18202793 1.32607642463514e-05
16 18202793 18374803 1.49904075344457e-05
16 18374803 18495673 1.41515678001159e-05
16 18495673 18563404 9.37532296880293e-06
16 18563404 18801663 2.76589761562e-06
16 18801663 19208451 5.62946792924076e-07
16 19208451 19440283 1.27376721073881e-05
16 19440283 19495157 1.69114699128913e-05
17 135934 407801 1.26532458886147e-06
17 407801 647138 4.28057508868249e-06
17 647138 851944 6.27423024716073e-06
17 851944 1013072 6.02626483292786e-06
17 1013072 1128520 4.89397824128612e-06
17 1279769 1353695 1.11733354976598e-05
17 1353695 1437863 6.8553369451573e-06
17 2169939 2629267 1.0074500139334e-05
17 2629267 3088595 2.19396596767452e-05
17 3088595 3547924 7.82772261276775e-06
17 3547924 4007253 6.46921923066038e-06
17 4007253 4466582 5.03778337531486e-06
17 4466582 4925911 3.75003537769224e-06
17 4925911 5385240 2.84327791191063e-06
17 5385240 5844569 2.77796524930932e-06
17 5844569 6303898 9.26351264562001e-07
17 6303898 6763227 1.31496160703983e-06
17 6763227 7225949 1.80453922657667e-07
17 7225949 7690064 7.1749458647103e-07
17 7690064 8154179 3.86757592407056e-07
17 8154179 8618294 7.36886332051328e-07
17 8618294 9082409 6.47468838542163e-07
17 9082409 9546524 3.81370996412519e-07
17 9546524 10010639 3.14577206080391e-07
17 10010639 10474753 3.93222354852466e-07
17 10474753 10938867 8.07991140107772e-08
17 10938867 11402981 2.09000374907892e-07
17 11402981 11867095 1.85299301464723e-07
17 11867095 12339975 3.17205210624272e-08
17 12339975 12819621 3.61725105598714e-07
17 12819621 13299267 2.01190044324361e-07
17 13299267 13778913 5.94188213807683e-07
17 13778913 14258559 1.43856093869227e-07
17 14258559 14738205 1.31659598954229e-06
17 14738205 15217851 2.46535986957048e-06
17 15217851 15697497 1.98271225028458e-06
17 15697497 16177143 3.75902227893071e-06
17 16177143 16656789 7.63583976516013e-06
17 16656789 17136435 9.52681769471652e-06
17 17136435 17616081 1.3566255113146e-05
17 17616081 18095727 2.00283125471702e-05
17 18095727 18575373 1.4361633371278e-05
17 18575373 19055019 4.99326586691017e-06
17 19055019 19534666 3.66102571265953e-06
17 19534666 20014313 2.67071408765196e-06
18 241130 723389 7.08125716679212e-07
18 723389 1205648 4.1886206374583e-06
18 1205648 1687907 6.65928474118679e-06
18 1687907 2170166 1.34533518296185e-05
18 2170166 2652425 8.98272505023234e-06
18 2652425 3134684 7.35600579771451e-06
18 3134684 3616944 4.45610251731431e-06
18 3616944 4099204 1.41417492638825e-06
18 4099204 4581464 9.4347447434991e-08
18 4581464 5070408 1.90205831342652e-07
18 5070408 5564036 1.53962092912069e-07
18 5564036 6057664 4.62899187242219e-07
18 6057664 6551292 4.32511932062197e-07
18 6551292 7044920 1.27221308353659e-06
18 7044920 7538548 2.04303645660294e-06
18 7538548 8032176 2.73080133217727e-06
18 8032176 8525804 1.24182582835658e-06
18 8525804 9019432 1.62673106063675e-06
18 9019432 9513061 2.03999359843122e-06
18 9513061 10006690 3.71736668631705e-06
18 10006690 10500319 2.13318099220265e-06
18 10500319 10993948 3.19571986248782e-06
18 10993948 11487577 2.80372506477536e-06
18 11487577 11981206 3.76092166384065e-06
18 11981206 12464125 2.76133264584744e-06
18 12464125 12934334 2.761537954399e-06
18 12934334 13404543 4.91908917098568e-06
18 13404543 13874752 1.15576265022575e-05
18 13874752 14344961 1.45562930526638e-05
18 14344961 14815170 1.35184566862821e-05
18 14815170 15285379 1.64937293841675e-05
18 15285379 15755588 1.06612166079339e-05
19 132412 397237 4.22165581044086e-06
19 397237 571127 1.14756455230318e-05
19 571127 652083 2.38895202332131e-05
19 652083 928746 2.34364551819361e-05
19 928746 1399118 1.82855271997483e-05
19 1399118 1869490 2.59029023836453e-05
19 1869490 2339862 2.22440961621865e-05
19 2339862 2810234 1.01419727364724e-05
19 2810234 3280606 3.0082572942267e-06
19 3280606 3750978 6.68619730766285e-07
19 4143279 4445051 2.39717402542317e-05
19 4445051 4942518 8.28195639107725e-07
19 4942518 5439985 5.14003943980203e-06
19 5439985 5937452 9.53832113486923e-07
19 5937452 6434919 1.43426599151301e-06
19 6434919 6932386 4.6837277648567e-07
19 6932386 7429853 1.48753585664979e-06
19 7429853 7927320 3.0564841486973e-06
19 7927320 8424787 1.18500322634466e-06
19 8424787 8922254 2.6202743096527e-06
19 8922254 9419721 2.69364601069016e-07
19 9419721 9917188 1.68855421565658e-07
19 9917188 10414655 1.91972532851421e-07
19 10414655 10912122 3.28665016976006e-07
19 10912122 11409589 2.16094735932236e-07
19 11409589 11907056 5.48780120088374e-07
19 11907056 12404523 1.00107142785351e-06
19 12404523 12901990 3.01527538510089e-07
19 12901990 13399457 4.50281124175071e-07
19 13399457 13896924 2.92481712354793e-07
19 13896924 14394391 2.91476620559755e-07
19 14394391 14891858 3.27659925180967e-07
19 14891858 15389325 3.12181511537448e-06
19 15389325 15886792 3.28262980257987e-06
19 15886792 16384259 4.43144972430332e-06
19 16384259 16881726 3.53189256774822e-06
19 16881726 17379193 3.07960125998307e-06
19 17379193 17876660 6.52304574976834e-06
19 17876660 18374127 7.15223321345938e-06
19 18374127 18871593 1.03685478002517e-05
19 18871593 19369059 1.45587839168908e-05
19 19369059 19866525 4.76313959144947e-06
19 19866525 20363991 1.75388870797199e-06
20 42794 128382 2.84969855587232e-05
20 128382 234612 7.15522921961781e-05
20 234612 359485 6.96427570411538e-05
20 359485 526854 9.79870824346205e-06
20 526854 734721 3.13662101247433e-06
20 734721 883496 4.56729961351033e-06
20 883496 971181 3.86040942008326e-06
20 971181 1092220 2.7962061814787e-05
20 1092220 1244614 1.89738441145977e-05
20 1244614 1381821 1.72075768729001e-05
20 1381821 1501840 1.97385413976121e-05
20 1501840 1807375 2.01809939941414e-05
20 1807375 2296424 1.46529284386636e-05
20 2296424 2785473 2.00419589857049e-05
20 2785473 3274522 9.49189140556468e-06
20 3274522 3763571 9.55323495191688e-06
20 3763571 4252620 5.33688853264192e-06
20 4252620 4741669 3.633582728929e-06
20 4741669 5230718 3.15919263713861e-06
20 5230718 5719767 6.48196806454977e-07
20 5719767 6208816 3.30232757862717e-07
20 6208816 6697865 7.61682367206563e-07
20 6697865 7186914 5.01994687648886e-07
20 7186914 7675963 1.20846786313845e-06
20 7675963 8165012 5.31644068385789e-07
20 8165012 8654061 4.99949902770483e-07
20 8654061 9143109 5.76630514796094e-07
20 9143109 9632157 2.14702851253866e-07
20 9632157 10121205 7.22832932554671e-07
20 10121205 10610253 4.04868233793003e-07
20 10610253 11099301 3.82375554137838e-07
20 11099301 11588349 4.77458245407402e-07
20 11588349 12077397 6.77847573244348e-07
20 12077397 12566445 5.58227413260047e-07
20 12566445 13055493 1.81372789583027e-06
20 13055493 13544541 5.41869100783572e-07
20 13544541 14033589 1.32604570512505e-06
20 14033589 14522637 5.75608120266316e-07
20 14522637 15011685 6.05973237800789e-06
20 15011685 15500733 5.82458163615841e-06
20 15500733 15989781 7.4348530205624e-06
20 15989781 16478829 6.58422077178518e-06
20 16478829 16967877 6.56070569760024e-06
20 16967877 17456925 4.05072712698958e-06
20 17456925 17945973 3.37390194827501e-06
20 17945973 18435021 2.22882007492106e-06
20 18435021 18903074 9.25108908606519e-07
20 18903074 19348133 1.39869096007495e-06
20 19348133 19793192 3.91633468820987e-06
20 19793192 20238251 9.74028162558212e-07
21 388040 643494 2.19765593805538e-05
21 643494 893708 6.08678970800994e-06
21 1717538 2013506 1.73599848632285e-05
21 2013506 2454908 3.43224543613306e-07
21 2454908 2896310 1.29360537559866e-06
21 2896310 3337712 4.24782851006567e-07
21 3337712 3779114 1.24716245055528e-06
21 3779114 4220517 2.46939871274096e-07
21 4220517 4684235 1.29388982096883e-08
21 4684235 5168269 1.71475557502159e-07
21 5168269 5652303 1.01232558043442e-07
21 5652303 6136338 2.33454192362122e-07
21 6136338 6620373 4.88601030917187e-07
21 6620373 7104408 2.01948206224756e-06
21 7104408 7588443 1.19826045637195e-07
21 7588443 8072478 4.54512586899709e-07
21 8072478 8556513 2.39238898013573e-06
21 8556513 9040548 1.16417201235448e-06
21 9040548 9524583 1.94097534269216e-06
21 9524583 10008618 8.78035679238071e-07
21 10008618 10492653 3.65469439193447e-06
21 10492653 10976688 3.66812317291105e-06
21 10976688 11460723 4.13193260817907e-08
21 11460723 11944758 3.93773177559474e-06
21 11944758 12428793 1.82838017911928e-06
21 12428793 12912828 7.3155866827812e-06
21 12912828 13396863 1.0055058002004e-05
21 13396863 13877735 7.68187792177544e-06
21 13877735 14353444 7.68116642737472e-06
21 14353444 14829153 1.12905158405664e-05
21 14829153 15304862 1.31498458090976e-05
21 15304862 15767059 1.15080798880131e-05
21 15767059 16213744 1.43949315513169e-05
21 16213744 16504778 1.98842746895552e-05
21 16504778 16638161 1.85405936288732e-05
21 16638161 16778572 7.87687574335345e-06
21 16778572 16924011 4.86114453482212e-06
21 16924011 17053863 8.52509010257831e-06
21 17053863 17166129 2.49407656815065e-06
21 17166129 17256889 1.02798589687087e-05
21 17256889 17324145 1.26531461877007e-05
