lg pos1 pos2 rate
1 241609 612297 2.7e-07
1 612299 715796 9.66e-07
1 715798 956633 2.955757629
1 956635 983329 3.75e-06
1 983331 1190612 4.602803414
1 1190614 1236416 2.18e-06
1 1236418 1330207 5.296042264
1 1330209 1391914 20.17579853
1 1391916 1463999 2.965930499
1 1464001 1911435 19.6858791
1 1911437 1913461 247.0608095
1 1913463 2092037 8.803703745
1 2092039 2169782 21.68186507
1 2169784 2354811 12.18861314
1 2354813 2363638 1.13e-05
1 2363640 2544240 14.93537502
1 2544242 2551671 47.78806352
1 2551673 2575286 15.04271861
1 2575288 2589720 6.93e-06
1 2589722 2659116 21.47648568
1 2659118 2884564 12.49732887
1 2884566 3037318 6.55e-07
1 3037320 3100966 5.58118087
1 3100968 3152275 1.95e-06
1 3152277 4319657 7.087305098
1 4319659 4335071 27.62538601
1 4335073 6301895 3.282861405
1 6301897 6550218 1.501187566
1 6550220 6596683 7.827074142
1 6596685 7132318 0.339112269
1 7132320 7435266 0.585821989
1 7435268 7469157 2.95e-06
1 7469159 7604029 1.315794235
1 7604031 7937618 1.065065395
1 7937620 8131875 5.15e-07
1 8131877 9359658 1.311427345
1 9359660 9598490 4.19e-07
1 9598492 9945958 1.535327282
1 9945960 10262756 1.121496348
1 10262758 10392171 7.73e-07
1 10392173 10646860 3.93e-07
1 10646862 10816846 5.88e-07
1 10816848 11094414 3.6e-07
1 11094416 11360198 3.76e-07
1 11360200 11964984 1.65e-07
1 11964986 12220178 3.92e-07
1 12220180 12222165 5.03e-05
1 12222167 12389942 5.96e-07
1 12389944 12865664 2.1e-07
1 12865666 12991414 7.95e-07
1 12991416 13370422 0.93746227
1 13370424 13376377 1.68e-05
1 13376379 13833890 0.38792231
1 13833892 13883326 3.590084149
1 13883328 13949713 1.51e-06
1 13949715 13971232 4.65e-06
1 13971234 13973588 4.24e-05
1 13973590 14210809 0.748174909
1 14210811 14598900 2.58e-07
1 14598902 14892476 1.210252882
1 14892478 15022177 7.71e-07
1 15022179 15031339 1.09e-05
1 15031341 15126712 1.05e-06
1 15126714 15464651 1.07e-05
1 15464653 15819234 0.500516945
1 15819236 16076901 0.688793676
1 16076903 16177433 9.95e-07
1 16177435 16237381 1.67e-06
1 16237383 16355822 8.44e-07
1 16355824 16370823 6.67e-06
1 16370825 16388854 5.55e-06
1 16388856 16469278 1.24e-06
1 16469280 16987459 2.065568788
1 16987461 18081755 9.14e-08
1 18081757 18455324 0.951095246
1 18455326 19749588 7.73e-08
1 26934624 27013225 1.27e-06
1 26510323 26934622 0.418302573
1 26127157 26510321 2.61e-07
1 25662396 26127155 1.14786912
1 25143765 25662394 4.156878204
1 25111559 25143763 3.11e-06
1 24989687 25111557 5.843928056
1 24979104 24989685 9.45e-06
1 24898853 24979102 10.85231835
1 24593362 24898851 3.570812233
1 24575820 24593360 5.7e-06
1 24135009 24575818 0.402378117
1 23825249 24135007 7.673123709
1 23499878 23825247 2.621374984
1 23376740 23499876 5.482228069
1 23357909 23376738 20.79055281
1 23318770 23357907 2.56e-06
1 23195602 23318768 1.440952195
1 23065328 23195600 1.362000092
1 22935135 23065326 8.220252241
1 22907482 22935133 3.62e-06
1 22871470 22907480 4.927799067
1 22707913 22871468 2.643010082
1 22534233 22707911 7.524444956
1 22462554 22534231 8.057828653
1 22053315 22462552 4.136321807
1 22033445 22053313 31.66985908
1 21974475 22033443 14.09680855
1 21954116 21974473 20.34899553
1 21919655 21954114 5.149319521
1 21906007 21919653 7.33e-06
1 21849911 21906005 1.78e-06
1 21798545 21849909 1.95e-06
1 21770508 21798543 3.57e-06
1 21757942 21770506 7.96e-06
1 21680512 21757940 1.29e-06
1 21629839 21680510 1.97e-06
1 21595762 21629837 2.93e-06
1 21460024 21595760 2.616919359
1 21424290 21460022 24.91925337
1 21255008 21424288 10.56794993
1 21023543 21255006 2.632909079
1 20798037 21023541 3.609030358
1 20739851 20798035 3.049175059
1 20727496 20739849 14.35558883
1 20406714 20727494 5.875560973
1 20094257 20406712 5.264867486
1 20035611 20094255 9.8763087
1 20018178 20035609 5.74e-06
1 20003474 20018176 6.8e-06
1 28134696 28144936 9.76e-06
1 28121373 28134694 7.51e-06
1 28080165 28121371 2.43e-06
1 27955700 28080163 7.154630619
1 27866151 27955698 5.955552826
1 27831004 27866149 2.85e-06
1 27785798 27831002 2.21e-06
1 27739371 27785796 2.15e-06
1 27634510 27739369 9.54e-07
1 27578151 27634508 1.77e-06
1 27419214 27578149 6.29e-07
1 27341740 27419212 1.29e-06
2 557038 747568 5.25e-07
2 747570 890972 6.97e-07
2 890974 911309 4.92e-06
2 911311 1171496 3.84e-07
2 1171498 1210850 2.54e-06
2 1210852 2366743 1.392493596
2 2366745 2509505 7e-07
2 2509507 2550238 2.46e-06
2 2550240 3126020 1.159364308
2 3126022 3210497 2.622844088
2 3210499 3353996 3.717162489
2 3353998 3366047 8.3e-06
2 3366049 3515994 6.67e-07
2 3515996 3675532 3.343281225
2 3675534 3704340 13.35061441
2 3704342 3762185 1.73e-06
2 3762187 3999999 5.424842944
2 4000001 4295484 2.171099717
2 4295486 4347575 1.92e-06
2 4347577 4351183 2.77e-05
2 4351185 4515822 3.239544701
2 4515824 4523618 1.28e-05
2 4523620 4689475 2.141778158
2 4689477 4707276 5.62e-06
2 4707278 4725854 5.38e-06
2 4725856 4743029 5.82e-06
2 4743031 5244023 2.493370779
2 5244025 5249615 1.79e-05
2 5249617 5325820 1.31e-06
2 5325822 5344759 5.28e-06
2 5344761 5395533 6.996454878
2 5395535 5457710 8.578278141
2 5457712 5561505 9.63e-07
2 5561507 5573665 8.22e-06
2 5573667 5633641 1.67e-06
2 5633643 5636170 156.0310399
2 5636172 5665752 3.38e-06
2 5665754 5772379 4.31581213
2 5772381 6050140 3.328903266
2 6050142 6075090 7.111350701
2 6075092 6079145 43.73124538
2 6079147 6833374 3.739663153
2 6833376 8314679 0.972844485
2 8314681 8355643 5.488917098
2 8355645 8529364 5.126864916
2 8529366 8595834 1.333354897
2 8595836 8602011 14.36161567
2 8602013 8680759 2.253536598
2 8680761 8753412 4.889703109
2 8753414 9355422 1.182391322
2 9355424 9790002 3.658481983
2 9790004 10052989 0.374079707
2 10052991 10146052 1.055366795
2 10146054 10288971 1.241736928
2 10288973 10342368 1.87e-06
2 10342370 10413468 1.41e-06
2 10413470 10604403 1.860588158
2 10604405 10641126 2.72e-06
2 10641128 11143792 0.353029447
2 11143794 11321981 1.993702754
2 11321983 11380670 1.7e-06
2 11380672 11407650 3.71e-06
2 11407652 11647580 1.480608511
2 11647582 11698396 1.97e-06
2 11698398 12493407 0.223218924
2 12493409 13048084 1.8e-07
2 13048086 13282408 4.27e-07
2 13282410 13330391 2.08e-06
2 13330393 13352340 4.56e-06
2 13352342 13491923 1.271304528
2 13491925 13686614 1.824693489
2 13686616 13769344 1.21e-06
2 13769346 13803474 2.93e-06
2 13803476 13867108 2.788801584
2 13867110 14064328 5.07e-07
2 14064330 14179561 8.68e-07
2 14179563 14740148 0.951431446
2 14740150 15210841 0.376981175
2 15210843 15452288 4.14e-07
2 15452290 15651697 0.889848001
2 15651699 16326331 0.790414951
2 16326333 17811659 2.056990443
2 17811661 17898052 2.16824627
2 17898054 17927278 6.071833299
2 17927280 18007863 4.408556183
2 18007865 18021345 28.7088785
2 18021347 18693725 8.598685713
2 18693727 18750055 10.55016865
2 18750057 18777731 6.411327504
2 18777733 18800289 18.36733753
2 18800291 18899438 8.386456747
2 18899440 18930997 3.17e-06
2 18930999 19208760 7.672666266
2 19208762 19536784 12.99346999
2 19536786 19830388 9.686768232
2 19830390 20012558 13.39080859
2 20012560 20126064 11.55579881
2 20126066 20198342 10.77393121
2 20198344 20297048 18.71282394
2 20297050 20871565 11.66083841
2 20871567 20955833 2.154510609
2 20955835 21017515 6.231670504
2 21017517 21206814 9.225480325
2 21206816 21213733 27.73288047
2 21213735 21245471 24.08336064
2 21245473 21361229 15.76766789
2 21361231 21482192 5.176115837
2 21482194 21507498 3.95e-06
2 21507500 21564553 1.75e-06
2 21564555 21696832 4.609802009
2 21696834 21814244 6.936359997
2 21814246 21891615 6.895113156
2 21891617 21907916 6.13e-06
2 21907918 21963566 1.8e-06
2 21963568 21999410 14.88382993
2 21999412 22061011 8.660969789
2 22061013 22116616 3.191328118
2 22116618 22149461 10.81820064
2 22149463 22157164 45.64356744
3 689236 947276 4.36169267
3 947278 1199650 5.547922924
3 1199652 1653087 3.965105627
3 1653089 1675885 19.94270989
3 1675887 1878153 2.81252645
3 1878155 2035075 4.534255872
3 2035077 2289377 3.500208414
3 2289379 3898234 0.645496585
3 3898236 5214419 1.108200899
3 5214421 5246201 5.581240954
3 5246203 5263776 5.69e-06
3 5263778 5350549 4.093302064
3 5350551 5585736 4.25e-07
3 5585738 5618992 5.335888261
3 5618994 5647851 3.47e-06
3 5647853 5890765 4.12e-07
3 5890767 5965128 2.386270054
3 5965130 5991256 3.83e-06
3 5991258 6510712 1.369927963
3 6510714 6734209 4.47e-07
3 6734211 6810395 4.662592865
3 6810397 6994045 0.966064253
3 6994047 7498748 1.502866835
3 7498750 8346391 2.480832615
3 8346393 8515947 5.9e-07
3 8515949 8718044 0.878017981
3 8718046 8808332 3.934147395
3 8808334 9127832 1.669010329
3 9127834 9509750 1.396215156
3 9509752 9608042 1.02e-06
3 9608044 9871895 1.346210958
3 9871897 10116955 1.44944789
3 10116957 10178069 1.64e-06
3 10178071 10195258 5.82e-06
3 10195260 10388335 1.839720422
3 10388337 10492593 2.2681118
3 10492595 10789068 1.598923687
3 10789070 10901716 6.317448157
3 10901718 10954414 6.740121067
3 10954416 11013306 3.23e-05
3 11013308 11137603 8.05e-07
3 11137605 11311265 1.103495295
3 11311267 12505928 1.801441243
3 12505930 12891581 4.684211454
3 12891583 13014991 5.494426708
3 13014993 13197285 1.017972616
3 13197287 13964815 8.221300535
3 13964817 14416366 4.816230503
3 14416368 14460349 24.88538072
3 14460351 14525074 1.55e-06
3 14525076 14693502 12.01643017
3 14693504 14877318 17.64056013
3 14877320 15014393 8.58430859
3 15014395 15272236 3.035278832
3 15272238 15812847 2.171140247
3 15812849 15869591 9.748260609
3 15869593 15892689 12.54825093
3 15892691 16335986 11.35335136
4 473122 542602 1.44e-06
4 542604 570691 3.56e-06
4 570693 1090514 2.748496315
4 1090516 1372197 10.20164724
4 1372199 1416214 19.73300089
4 1416216 1646098 3.223065111
4 1646100 1668284 4.51e-06
4 1668286 1700231 3.13e-06
4 1700233 1710911 9.36e-06
4 1710913 1840360 1.59652141
4 1840362 1944599 9.977945874
4 1944601 2337599 7.858572265
4 2337601 2344099 63.02810769
4 2344101 3183660 10.68409371
4 3183662 3541898 7.723994663
4 3541900 3763384 15.73097126
4 3763386 3778295 15.11129368
4 3778297 3830896 1.9e-06
4 3830898 3846427 6.44e-06
4 3846429 4185606 9.527092184
4 4185608 4188424 73.09166075
4 4188426 4637635 9.287645449
4 4637637 4897631 5.291213711
4 4897633 4967367 1.43e-06
4 4967369 5235410 2.187736669
4 5235412 5255598 4.95e-06
4 5255600 5432664 3.012399896
4 5432666 5455186 4.44e-06
4 5455188 5552424 1.824814373
4 5552426 5835064 2.518643504
4 5835066 6024095 5.238808449
4 6024097 6309216 2.774711088
4 6309218 6394433 2.082154969
4 6394435 6404572 9.86e-06
4 6404574 6467218 2.832857645
4 6467220 6474940 22.98038073
4 6474942 6528987 6.85e-05
4 6528989 7234271 0.251637638
4 7234273 7343205 9.18e-07
4 7343207 7366329 4.32e-06
4 7366331 7733734 1.209273145
4 7733736 7965856 4.31e-07
4 7965858 8262658 1.49695622
4 8262660 8895769 1.58e-07
4 8895771 9102999 4.83e-07
4 9103001 10235818 0.376329228
4 10235820 11192841 0.669440128
4 11192843 11693745 0.709255266
4 11693747 11850833 1.129723467
4 11850835 11984796 7.46e-07
4 11984798 12377327 0.905096668
4 12377329 12797212 0.422640723
4 12797214 12808683 8.72e-06
4 12808685 12831062 4.47e-06
4 12831064 12962772 4.0499795
4 12962774 13354105 0.907821983
4 13354107 14024921 0.529608119
4 14024923 14163639 7.21e-07
4 14163641 14417575 1.679794909
4 14417577 15014325 0.356737997
4 15014327 15026624 8.13e-06
4 15026626 15459587 0.985175177
4 15459589 15482690 4.33e-06
4 15482692 15631334 6.73e-07
4 15631336 16142956 1.042573423
4 16142958 17215622 9.32e-08
4 17215624 17771379 1.8e-07
4 27850534 28016526 6.02e-07
4 27333099 27850532 1.93e-07
4 27187529 27333097 6.87e-07
4 26874808 27187527 3.2e-07
4 26761765 26874806 8.85e-07
4 26337950 26761763 2.36e-07
4 26331522 26337948 1.56e-05
4 24536931 26331520 0.197971906
4 23476882 24536929 9.43e-08
4 23345983 23476880 7.64e-07
4 22417603 23345981 1.08e-07
4 22054582 22417601 2.75e-07
4 22027975 22054580 3.76e-06
4 21761683 22027973 3.76e-07
4 21628065 21761681 7.48e-07
4 21388054 21628063 1.480315486
4 20463112 21388052 0.191864787
4 20426042 20463110 2.7e-06
4 20387367 20426040 2.59e-06
4 19344935 20387365 1.198883764
4 19337116 19344933 1.28e-05
4 18880315 19337114 1.558597945
4 18501379 18880313 1.879050552
4 18403595 18501377 3.633486051
4 18291570 18403593 1.584174961
4 18211422 18291568 1.25e-06
4 18028140 18211420 5.46e-07
4 18026185 18028138 5.12e-05
4 17957103 18026183 1.45e-06
4 28451236 28460919 1.03e-05
4 28460921 28479445 5.4e-06
4 28479447 29406005 2.213059273
4 29406007 29785598 5.069550808
4 29785600 30047317 4.701984953
4 30047319 30375116 5.441145946
4 30375118 30590472 4.347199985
4 30590474 30769438 5.783512511
4 30769440 30847948 11.96747293
4 30847950 31019698 4.624432606
4 31019700 31078624 3.651342362
4 31078626 31085524 1.45e-05
4 31085526 31245884 7.961408082
4 31245886 31347116 9.387448633
4 31347118 31632596 10.36077974
4 31632598 31663161 6.909860952
4 31663163 32115999 13.80692853
4 32116001 32230019 3.19594194
4 32230021 32309120 4.491591762
4 32309122 32343703 10.27301564
4 32343705 32458300 8.73e-07
5 6892402 7086953 5.14e-07
5 6807323 6892400 1.18e-06
5 6361257 6807321 2.24e-07
5 6322068 6361255 2.55e-06
5 6319660 6322066 4.15e-05
5 6153182 6319658 6.01e-07
5 5706087 6153180 2.24e-07
5 5597096 5706085 9.18e-07
5 5584482 5597094 7.93e-06
5 5204954 5584480 1.405831981
5 4621984 5204952 1.083385938
5 3853818 4621982 2.149130787
5 3764952 3853816 2.458167353
5 3757034 3764950 1.26e-05
5 3652213 3757032 3.389960027
5 3358233 3652211 0.603498197
5 2492910 3358231 1.542634484
5 1832718 2492908 2.274313079
5 1648714 1832716 1.285428034
5 1465835 1648712 5.200909344
5 948407 1465833 4.643093532
5 855050 948405 1.993360969
5 580663 855048 0.678636743
5 503007 580661 1.29e-06
5 503007 7957899 9.672231215
5 7957901 8024391 6.018629309
5 8024393 8175617 1.173485379
5 8175619 8185267 1.04e-05
5 8185269 8212201 3.71e-06
5 8212203 8238829 3.76e-06
5 8238831 8359715 9.51962296
5 8359717 8893602 7.238823977
5 8893604 9031322 9.393616033
5 9031324 9088177 10.37128661
5 9088179 9498770 3.092901243
5 9498772 9625294 7.492097942
5 9625296 9836683 3.583210574
5 9836685 9852419 11.27541942
5 9852421 9924841 8.006986827
5 9924843 10445635 11.15440212
5 10445637 10474163 7.227699103
5 10474165 10491280 5.84e-06
5 10491282 11719343 14.43272707
5 11668536 11719343 3.489653408
5 11660558 11668534 22.22001755
5 11331389 11660556 12.43012738
5 11274418 11331387 3.819678433
5 11124669 11274416 1.324382801
5 11124669 11783980 10.71653061
5 11783982 11951897 1.085293329
5 11951899 11963961 8.29e-06
5 11963963 25951942 2.185480212
6 2894533 3176944 3.54e-07
6 2309760 2894531 2.137919671
6 2126346 2309758 0.96715736
6 1974173 2126344 5.85554599
6 1671089 1974171 3.789068047
6 1477594 1671087 2.356957544
6 1460814 1477592 5.96e-06
6 1378227 1460812 4.302363568
6 1348889 1378225 3.41e-06
6 1157677 1348887 1.236905634
6 1010581 1157675 3.224435743
6 954426 1010579 3.160283145
6 941165 954424 7.54e-06
6 839476 941163 9.83e-07
6 839476 4644377 2.931379474
6 4644379 4691126 3.79183298
6 4691128 4803217 1.583217207
6 4803219 4848624 7.07059264
6 4848626 5118294 6.099538695
6 5118296 5346136 4.39e-07
6 5346138 5380913 5.102958852
6 5380915 6007514 1.13623534
6 6007516 6024598 5.85e-06
6 6024600 6165314 2.884918559
6 6165316 6545293 2.143714258
6 6545295 6970520 0.476544528
6 6970522 7287591 1.120512125
6 7287593 8010235 0.738195571
6 8010237 8075917 5.408935477
6 8075919 8097003 4.74e-06
6 8097005 8363495 0.831484247
6 8363497 8826853 1.440729414
6 8826855 9145320 2.610678343
6 9145322 9206838 6.734346045
6 9206840 9312559 9.46e-07
6 9312561 9824190 3.145767946
6 9824192 9840050 6.31e-06
6 9840052 9887886 2.09e-06
6 9887888 9963261 1.33e-06
6 9963263 9980243 10.45024143
6 9980245 10032450 1.92e-06
6 10032452 10190033 6.35e-07
6 10190035 10524302 0.530904451
6 10524304 10534348 9.95e-06
6 10534350 10593733 2.988377536
6 10593735 10754675 6.21e-07
6 10754677 10955666 3.54163868
6 10955668 10986676 3.22e-06
6 10986678 11005733 9.312320932
6 11005735 11046330 2.46e-06
6 11046332 11206669 6.24e-07
6 11206671 11381092 5.105996916
6 11381094 11421610 5.47295523
6 11421612 11577918 1.418822453
6 11577920 11863495 1.556329466
6 11863497 12009217 6.86e-07
6 12009219 12241309 3.836996967
6 12241311 12603598 2.458267295
6 12603600 12733533 1.819833763
6 12733535 12967296 2.028462588
6 12967298 13009836 2.35e-06
6 13009838 13133847 2.98e-05
6 13133849 13171605 4.69960803
6 13171607 13297626 4.232808024
6 13297628 13304444 1.47e-05
6 13304446 14010980 5.43897013
6 14010982 14254291 10.58470312
6 14254293 14388118 5.010909607
6 14388120 14411148 13.1393096
6 14411150 14412890 5.74e-05
6 14412892 14519666 10.03138252
6 14519668 14585701 8.054580147
6 14585703 14681606 9.118097075
6 14681608 14785567 8.411901578
6 14785569 14874511 4.354777163
6 14874513 15086015 6.680797999
6 15086017 15171258 19.78307075
6 15171260 15237086 31.77159112
6 15237088 15270970 5.233977689
6 15270972 15292784 24.45129275
6 15292786 15295472 3.72e-05
6 15295474 15420199 11.45573452
6 15420201 15666857 14.97743637
6 15666859 15801738 9.681938153
6 15801740 16172160 10.40220667
6 16172162 16490867 6.661334078
6 16490869 16538683 7.986546344
6 16538685 16724717 5.38e-07
6 16724719 33196455 1.469273685
7 425152 1100589 4.392237197
7 1100591 1191113 6.898898635
7 1191115 1312878 7.313154026
7 1312880 1449332 3.908442405
7 1449334 1526445 7.345189527
7 1526447 2681222 4.563316467
7 2681224 2689862 1.16e-05
7 2689864 2724506 2.89e-06
7 2724508 2822540 2.993700145
7 2822542 2979645 3.844065434
7 2979647 3054492 5.031478884
7 3054494 4200603 9.466108693
7 4200605 4315399 5.166278442
7 4315401 4400746 11.75912452
7 4400748 4970138 2.935612548
7 4970140 5132334 5.116850601
7 5132336 5242299 5.085159824
7 5242301 6717362 2.179739238
7 6717364 6786380 2.706770697
7 6786382 6790303 2.55e-05
7 6790305 6951930 6.19e-07
7 6951932 6979665 3.61e-06
7 6979667 7793573 3.316170009
7 7793575 7907506 1.556391037
7 7907508 8482599 0.617718352
7 8482601 8687336 2.315887211
7 8687338 8833523 1.617671202
7 8833525 9020342 5.35e-07
7 9020344 9127447 1.656871295
7 9127449 9261516 7.46e-07
7 9261518 9265483 2.52e-05
7 9265485 9515590 0.70953352
7 9515592 9549816 2.92e-06
7 9549818 9744914 5.13e-07
7 9744916 10034955 3.45e-07
7 10675938 11386867 1.41e-07
7 11386869 11412443 3.91e-06
7 11412445 11975970 1.77e-07
7 11975972 12153129 5.64e-07
7 12153131 12647617 0.718385886
7 12647619 12791086 6.97e-07
7 12791088 12806298 6.57e-06
7 12806300 12830055 4.21e-06
7 12830057 13077679 4.04e-07
7 13077681 13161273 1.2e-06
7 13161275 13171613 9.67e-06
7 13171615 13283827 8.91e-07
7 13283829 13526525 0.731198444
7 13526527 13533360 1.46e-05
7 13533362 13560982 3.62e-06
7 13560984 13676031 8.69e-07
7 13676033 13721149 2.22e-06
7 13721151 14106167 0.922652447
7 14106169 14428186 3.11e-07
7 14428188 15030274 1.66e-07
7 15030276 15829820 1.25e-07
7 15829822 15966247 7.33e-07
7 15966249 16171543 1.243715416
7 16171545 16360003 5.31e-07
7 16360005 16762503 0.812701863
7 16762505 16810384 4.369808484
7 16810386 17521317 0.885942698
7 17521319 17534416 7.63e-06
7 17534418 17631528 1.03e-06
7 17631530 17692695 1.63e-06
7 17692697 17778145 1.17e-06
7 17778147 17808270 3.32e-06
7 17808272 17939908 3.365968793
7 17939910 18979310 1.289309815
7 18979312 19048567 1.44e-06
7 19048569 19585036 0.994215696
7 19585038 19688900 9.63e-07
7 19688902 19718974 3.33e-06
7 19718976 19859122 7.14e-07
7 19859124 19933164 4.797971422
7 19933166 20102807 5.89e-07
7 20102809 20318470 0.822879678
7 20318472 20325654 1.39e-05
7 20325656 21521035 1.299983269
7 21521037 21751569 4.34e-07
7 21751571 22065549 2.202091853
7 22065551 22707621 2.628276112
7 22707623 23004919 2.878217479
7 23004921 23011615 1.49e-05
7 23011617 23182245 3.314726015
7 23182247 23226789 7.973630568
7 23226791 23438897 6.736303675
7 23438899 23841914 2.48e-07
7 23841916 24227113 8.902071397
7 24227115 24427971 5.322829561
7 24427973 24586756 1.209151368
7 24586758 25024355 4.78294306
7 25024357 25190500 8.847911764
7 25190502 25513363 11.18456032
7 25513365 25566324 8.9478031
7 25566326 25597996 7.466159384
7 25597998 25606762 1.14e-05
7 25606764 25821497 8.106647729
7 25821499 25874172 11.94479355
7 25874174 26095402 7.40327668
7 26095404 26384088 7.171838607
7 26384090 26399532 6.48e-06
7 26399534 26428013 6.762410028
7 26428015 26534645 18.91895491
7 26534647 27044474 7.658313474
7 27044476 27051682 26.15557714
8 1094731 1191743 1.03e-06
8 1191745 1547345 4.626009134
8 1547347 1697500 3.599032333
8 1697502 2438250 4.267454607
8 2438252 3279437 6.111282509
8 3279439 3339669 9.126449396
8 3339671 3346558 1.45e-05
8 3346560 3360589 12.64566317
8 3360591 3716822 2.400556097
8 3716824 3812236 2.228560798
8 3812238 3940601 1.382462509
8 3940603 3972174 5.620260982
8 3972176 4021859 8.342910335
8 4021861 4072680 4.071071014
8 4072682 4250748 3.497441427
8 4250750 4264999 7.02e-06
8 4265001 4349579 4.200295578
8 4349581 4370306 4.82e-06
8 4370308 4672669 0.58692631
8 4672671 4689087 6.09e-06
8 4689089 4728001 2.57e-06
8 4728003 4976510 5.273249661
8 4976512 6437223 1.710534513
8 6437225 7518579 0.782030617
8 7518581 7856751 1.673232261
8 7856753 9762848 1.302513303
8 9762850 10224304 2.17e-07
8 10224306 10297535 1.37e-06
8 10297537 11554738 0.787658159
8 11554740 12280090 1.090608008
8 12280092 12335287 1.81e-06
8 12335289 12532226 5.08e-07
8 12532228 12551672 5.14e-06
8 12551674 12554905 3.09e-05
8 12554907 12596802 2.39e-06
8 12596804 12722790 2.047317205
8 12722792 12811457 3.512259352
8 12811459 12836873 3.93e-06
8 12836875 12869034 3.11e-06
8 12869036 13135073 4.457832874
8 13135075 13364244 0.886564618
8 13364246 13586622 2.398311883
8 13586624 14091255 2.119756536
8 14091257 14145405 4.306886427
8 14145407 14149244 2.6e-05
8 14149246 14166630 29.21933165
8 14166632 14757904 2.077332167
8 14757906 15029926 4.399253737
8 15029928 15072895 5.104289139
8 15072897 15093664 4.81e-06
8 15093666 15261305 8.524829845
8 15261307 15321057 1.67e-06
8 15321059 15338486 10.87052613
8 15338488 16066741 5.261101263
8 16066743 16224522 8.649523073
8 16224524 16247483 10.58898567
8 16247485 16515183 7.216779604
8 16515185 16563084 3.702505167
8 16563086 16681551 6.457605916
8 16681553 17256707 11.42751601
8 17256709 17286560 6.073627441
8 17286562 17389681 5.295883477
8 17389683 17408601 5.29e-06
8 17408603 17444136 2.81e-06
8 17444138 17550103 6.716874121
8 17550105 17555517 1.85e-05
8 17555519 17595926 9.984914252
8 17595928 17716251 14.49355745
8 17716253 17921864 6.720078497
8 17921866 18000938 7.010334623
8 18000940 18120996 4.991785637
8 18120998 18142785 61.87318831
8 18142787 18228945 5.978812674
8 18228947 18257820 8.056266667
8 18257822 18268377 9.47e-06
8 18268379 18364602 8.775907508
8 18364604 18882337 2.749492887
8 18882339 19083870 2.902652171
8 19083872 19362030 3.6e-07
9 166584 247016 1.24e-06
9 247018 268181 4.72e-06
9 268183 621951 4.327654408
9 621953 819100 2.196981471
9 819102 856712 9.444943103
9 856714 1204166 3.079893741
9 1204168 1254657 7.035404329
9 1254659 1486918 3.835472163
9 1486920 1560856 11.48867835
9 1560858 1677321 11.60725797
9 1677323 1702356 14.84029159
9 1702358 1887333 12.19828033
9 1887335 1955020 10.51559827
9 1955022 2053769 12.48732645
9 2053771 2083882 10.08103145
9 2083884 2195512 3.42647317
9 2195514 2222746 7.012833223
9 2222748 2343162 3.17657122
9 2343164 2800792 0.387783362
9 2800794 2855253 1.84e-06
9 2855255 2992263 7.3e-07
9 2992265 3744469 0.47233351
9 3744471 17599884 0.206585063
9 17574913 17599884 4e-06
9 17564570 17574911 9.67e-06
9 17261887 17564568 1.1738241
9 17094544 17261885 1.060312651
9 16825300 17094542 2.800054226
9 16725588 16825298 1e-06
9 16589704 16725586 1.551025139
9 14907511 16589702 0.886676618
9 14751930 14907509 4.84902848
9 14512944 14751928 4.18e-07
9 14298975 14512942 4.67e-07
9 13978360 14298973 0.553559253
9 13968049 13978358 9.7e-06
9 13834676 13968047 1.330700367
9 13561985 13834674 0.650840328
9 13419739 13561983 7.03e-07
9 13240234 13419737 5.57e-07
9 13052117 13240232 0.943255527
9 12670352 13052115 2.333919296
9 12634777 12670350 2.81e-06
9 12390506 12634775 0.726436212
9 11151147 12390504 0.649118778
9 10956661 11151145 3.870308403
9 10651423 10956659 2.835008092
9 10508205 10651421 6.98e-07
9 10492914 10508203 18.64280296
9 10254240 10492912 1.194366793
9 9659642 10254238 0.860476322
9 9538509 9659640 1.923302486
9 9304006 9538507 4.26e-07
9 9238005 9304004 1.52e-06
9 8200809 9238003 0.342594264
9 8175687 8200807 3.98e-06
9 8064569 8175685 1.597186774
9 7834841 8064567 1.546814058
9 7769975 7834839 5.478230506
9 7722699 7769973 2.12e-06
9 7584065 7722697 2.562822251
9 7117325 7584063 2.781320221
9 7048250 7117323 2.76498299
9 6311428 7048248 4.569002826
9 6028151 6311426 4.454135352
9 5881003 6028149 2.825842689
9 5744997 5881001 14.68084937
9 5606898 5744995 6.080708767
9 5514943 5606896 4.195948018
9 5372612 5514941 9.591509931
9 5337042 5372610 9.986966545
9 5330825 5337040 1.61e-05
9 5113227 5330823 4.6e-07
9 5113227 18068412 11.052669
9 18068414 18381629 6.947776142
9 18381631 18381938 721.1223301
9 18381940 18512789 20.88767224
9 18512791 18692314 1.153982454
9 18692316 18800653 9.23e-07
9 18800655 19075283 4.262327859
9 19075285 19238246 3.272142756
9 19238248 19244808 1.52e-05
9 19244810 19249984 1.93e-05
9 19249986 19264764 6.77e-06
9 19264766 19267061 4.35e-05
10 272921 1530339 0.141058358
10 1530341 1709707 2.644186254
10 1709709 1905096 1.210461694
10 1905098 1922009 5.91e-06
10 1922011 1983947 14.28948465
10 1983949 2341567 2.337318662
10 2341569 2345241 64.82909635
10 2345243 2381541 2.75e-06
10 2381543 2530678 2.382532839
10 2530680 2565161 2.9e-06
10 2565163 2647383 6.488979835
10 2647385 2648427 9.58e-05
10 2648429 2667249 11.52922644
10 2667251 3077682 1.837547419
10 3077684 3115429 7.470259888
10 3115431 3196903 2.310516238
10 3196905 4853145 3.305259376
10 4853147 4858735 1.79e-05
10 4858737 4933241 3.559395216
10 4933243 4978843 7.119468444
10 4978845 5681491 1.19702198
10 5681493 5839020 1.501090593
10 5839022 6069340 2.058668374
10 6069342 6226165 6.38e-07
10 6226167 6362686 7.32e-07
10 6362688 6407378 3.970708404
10 6407380 6435065 0.000137249
10 6435067 6439736 2.14e-05
10 6439738 6444406 2.14e-05
10 6444408 6472574 3.55e-06
10 6472576 6562986 1.11e-06
10 6562988 6687069 8.06e-07
10 6687071 7439987 1.182809815
10 7439989 8133094 0.769357257
10 8133096 8404129 3.69e-07
10 8404131 9116318 2.767188204
10 9116320 9252990 7.32e-07
10 9252992 9287624 2.89e-06
10 9287626 9294363 1.48e-05
10 9294365 9642284 2.560086341
10 9642286 9852931 2.109074898
10 9852933 10031167 2.492760722
10 10031169 10195433 1.080289287
10 10195435 10254748 1.69e-06
10 10254750 10405462 2.357206364
10 10405464 10806611 1.385350331
10 10806613 10814120 1.33e-05
10 10814122 11652090 4.273854076
10 11652092 11662191 19.1974953
10 11662193 11668381 57.3976252
10 11668383 11692483 14.73965231
10 11692485 11758716 13.79961047
10 11758718 11841755 8.504947073
10 11841757 11931425 7.451748634
10 11931427 12525649 9.465469251
10 12525651 12557274 19.17419763
10 12557276 12983443 8.82635668
10 12983445 13055131 10.75855513
10 13055133 13096359 17.26759241
10 13096361 13103182 1.47e-05
10 13103184 13146064 8.285028683
10 13146066 13162613 6.04e-06
10 13162615 13221081 10.64950229
10 13221083 13319354 6.336800545
10 13319356 13332895 13.10346356
10 13332897 13412655 7.975537864
10 13412657 13460284 9.892076256
10 13460286 13659009 12.02939187
10 13659011 13907614 14.85456085
10 13907616 13932031 28.82757095
10 13932033 13971153 20.97675988
10 13971155 14100364 7.654331288
10 14100366 14163258 4.191383916
10 14163260 14222017 9.664965367
10 14222019 14263632 17.49894269
10 14263634 14663347 6.405324043
10 14663349 14705025 2.4e-06
10 14705027 14726769 4.6e-06
10 14726771 14739589 13.84315913
10 14739591 14808398 1.45e-06
10 14808400 14839239 3.24e-06
10 14839241 14892047 3.360653689
10 14892049 14903254 8.92e-06
10 14903256 15051959 1.193431963
10 15051961 15066125 7.06e-06
10 15066127 15164866 1.797310135
10 15164868 15189085 4.13e-06
10 15189087 15199225 9.86e-06
10 15199227 15295099 1.04e-06
10 15295101 15321345 3.81e-06
11 730025 1023694 3.41e-07
11 1023696 1049265 3.91e-06
11 1049267 1571148 1.92e-07
11 1571150 1935772 2.74e-07
11 1935774 2299154 3.437443242
11 2299156 2307143 1.25e-05
11 2307145 2341525 5.159990693
11 2341527 2881247 2.189485328
11 2881249 2976941 7.448720923
11 2976943 3138420 3.710388348
11 3138422 3295757 6.36e-07
11 3295759 3473013 7.760461141
11 3473015 3609774 4.287533727
11 3609776 3888047 1.27658738
11 3888049 3931469 2.3e-06
11 3931471 4036085 9.56e-07
11 4036087 4134733 3.796159071
11 4134735 4239235 1.789657614
11 4239237 4397993 1.177296262
11 4397995 5644754 2.13277236
11 5644756 6100748 2.19e-07
11 6100750 6239998 7.18e-07
11 6240000 6713507 1.126382181
11 6713509 6772627 1.69e-06
11 6772629 6917727 6.89e-07
11 6917729 7113177 2.425886416
11 7113179 7147435 6.902992002
11 7147437 7285736 7.23e-07
11 7285738 7385763 2.654115389
11 7385765 7988691 1.329955152
11 7988693 8041557 1.89e-06
11 8041559 8308914 0.663723785
11 8308916 8537309 1.55534622
11 8537311 8556320 5.26e-06
11 8556322 9611495 0.932703201
11 9611497 9836342 1.377095091
11 9836344 10107334 3.109178131
11 10107336 10124122 5.96e-06
11 10124124 10140557 6.08e-06
11 10140559 10763737 2.292597002
11 10763739 11036530 1.954729777
11 11036532 11468449 1.64772029
11 11468451 11485931 5.72e-06
11 11485933 11508092 8.00762601
11 11508094 11587171 2.244101468
11 11587173 11635077 2.09e-06
11 11635079 11653698 5.37e-06
11 11653700 11862681 2.379170555
11 11862683 12019102 4.781540202
11 12019104 12060158 4.320871493
11 12060160 12105225 8.43e-05
11 12105227 12747472 0.830393291
11 12747474 12752495 1.99e-05
11 12752497 12893385 6.31999929
11 12893387 12915001 4.63e-06
11 12915003 12956223 2.43e-06
11 12956225 12961942 1.75e-05
11 12961944 13027098 5.852047394
11 13027100 13052636 7.549753309
11 13052638 13200909 13.48650193
11 13200911 13542839 3.566632644
11 13542841 13620228 1.29e-06
11 13620230 14075732 7.466977458
11 14075734 14269494 11.64414643
11 14269496 14402010 14.90926001
11 14402012 14754399 10.22694607
11 14754401 14762230 27.61586004
11 14762232 15063042 7.081134396
11 15957857 16179759 4.51e-07
11 16179761 16325755 1.236107154
11 16325757 16336232 9.54e-06
12 314431 363316 2.05e-06
12 363318 458271 7.494213048
12 458273 552534 8.496537348
12 552536 628266 10.57521655
12 628268 901980 9.614106695
12 1360161 1450434 1.965452229
12 1450436 1483770 3e-06
12 1483772 1516648 3.04e-06
12 1516650 1806759 1.838062673
12 1806761 1988541 2.932897097
12 16229806 16333188 9.67e-07
12 15691392 16229804 1.32177618
12 15685421 15691390 29.71326411
12 15535146 15685419 2.363797704
12 15436926 15535144 1.02e-06
12 15426871 15436924 17.64707111
12 15138269 15426869 1.539235695
12 15113206 15138267 17.72412321
12 15009533 15113204 5.144172543
12 14966605 15009531 2.33e-06
12 14913394 14966603 4.597626431
12 14599550 14913392 3.315572386
12 14257511 14599548 1.968123518
12 14236934 14257509 4.86e-06
12 14229575 14236932 1.36e-05
12 13921049 14229573 3.30263349
12 13330046 13921047 0.686445754
12 13147458 13330044 5.48e-07
12 13024766 13147456 8.15e-07
12 12645771 13024764 1.878198921
12 12317053 12645769 0.539714892
12 12166584 12317051 4.051498315
12 11598733 12166582 1.43350157
12 11455844 11598731 3.732487455
12 11027625 11455842 1.097008306
12 10883800 11027623 1.81649157
12 10874875 10883798 1.12e-05
12 8584078 10874873 1.809773498
12 8556057 8584076 6.586460155
12 8404376 8556055 3.51607914
12 8183567 8404374 4.844222382
12 7540420 8183565 1.942547349
12 7417597 7540418 1.573252567
12 7248955 7417595 1.270101161
12 6733114 7248953 3.366741496
12 6715764 6733112 5.76e-06
12 6709916 6715762 1.71e-05
12 6647624 6709914 1.61e-06
12 6606592 6647622 4.325063365
12 6536696 6606590 2.539016539
12 6442816 6536694 1.07e-06
12 6399963 6442814 4.141327328
12 6277813 6399961 1.452880884
12 6270937 6277811 1.45e-05
12 6213794 6270935 1.75e-06
12 6139485 6213792 1.35e-06
12 5827203 6139483 1.322596884
12 5706812 5827201 7.107888463
12 4840911 5706810 6.356219706
12 4555268 4840909 4.303172492
12 4422794 4555266 1.339354137
12 4367222 4422792 3.193304182
12 4135423 4367220 2.868676741
12 3288872 4135421 0.28291869
12 3288872 18047830 0.970508816
12 18047832 18106260 1.71e-06
13 424982 524296 1.01e-06
13 524298 872790 0.50925554
13 872792 896876 4.15e-06
13 896878 1003456 9.38e-07
13 1003458 1004928 6.79e-05
13 1004930 1040801 2.79e-06
13 1040803 1130727 1.11e-06
13 1130729 1447763 3.15e-07
13 1447765 1713701 2.005902128
13 1713703 1834378 4.420489406
13 1834380 2159508 1.186288561
13 2159510 3047241 2.940022056
13 3047243 4988786 2.724054554
13 4988788 5150685 1.154352405
13 5150687 5159905 1.08e-05
13 5159907 5594990 0.68130779
13 5594992 5877738 8.675787627
13 5877740 5879074 7.49e-05
13 5879076 5910667 3.17e-06
13 5910669 6159285 3.819381541
13 6159287 6509400 5.458242863
13 6509402 6511669 4.41e-05
13 6511671 6511857 0.000531915
13 6511859 6744948 1.524069569
13 6744950 6757607 7.9e-06
13 6757609 6797090 4.494488767
13 6797092 7081460 1.249269614
13 7081462 7340270 2.155772188
13 7340272 7357455 5.82e-06
13 7357457 10133317 1.224138268
13 10133319 10324826 0.972685879
13 10324828 10333386 1.17e-05
13 10333388 10400329 1.49e-06
13 10400331 10598453 5.05e-07
13 10598455 10886694 1.393751409
13 10886696 11385257 0.805740298
13 11385259 11859544 1.543495816
13 11859546 12037705 5.61e-07
13 12037707 12350801 1.341298835
13 12350803 12427149 6.985344737
13 12427151 12473475 2.16e-06
13 12473477 14187971 0.83336724
13 14187973 14218141 3.31e-06
13 14218143 14279429 1.63e-06
13 14279431 14566393 1.999304442
13 14566395 15259812 2.782650173
13 15259814 15312892 1.88e-06
13 15312894 15378569 1.52e-06
13 15378571 15571271 1.843363847
13 15571273 15794515 3.188290391
13 15794517 16112932 4.364000352
13 16112934 16278769 2.377187238
13 16278771 16285146 1.57e-05
13 16285148 16299064 7.18e-06
13 16299066 16655025 2.849693365
13 16655027 16871487 2.097263723
13 16871489 16932623 6.431843758
13 16932625 17013718 12.17118811
13 17013720 17124756 9.095609611
13 17124758 17287014 18.85057439
13 17287016 17478983 7.887210435
13 17478985 17641462 5.353585386
13 17641464 17681319 6.680921795
13 17681321 17690410 1.1e-05
13 17690412 17693500 86.17912621
13 17693502 17696173 3.74e-05
13 17696175 17771354 2.360237294
13 17771356 17901111 4.44520681
13 17901113 18178288 6.375545229
13 18178290 18430511 11.66349421
13 18430513 19182381 18.22803442
13 19088463 19182381 1.06e-06
13 19085913 19088461 139.2914902
13 19060788 19085911 3.98e-06
13 18926666 19060786 13.33372601
13 18688123 18926664 9.774725312
13 18599363 18688121 1.13e-06
13 18503874 18599361 1.05e-06
13 18503874 19677323 89.92163725
13 19677325 19683497 1.62e-05
13 19683499 19691514 1.25e-05
13 19691516 19791052 1e-06
13 19791054 19793351 4.35e-05
13 19793353 19840080 3.797596781
13 19840082 19882875 2.34e-06
14 690634 894867 4.679565207
14 894869 1046926 10.13258998
14 1046928 1076430 3.39e-06
14 1076432 1195048 9.226909069
14 1195050 1514159 9.651108862
14 1514161 1554828 37.75846714
14 1554830 1790312 9.294639551
14 1790314 1825647 2.83e-06
14 1825649 1931914 10.08536705
14 1931916 1962085 34.8500116
14 1962087 2032618 17.9570428
14 2032620 2033099 0.0002079
14 2033101 2181047 5.091955282
14 2181049 2375840 12.53882429
14 2375842 2456418 4.680638636
14 2456420 2460564 45.42052581
14 2460566 2574765 15.1526519
14 2574767 2636604 14.1946102
14 2636606 2696055 10.1965787
14 2696057 2715702 5.09e-06
14 2715704 2955883 8.968520408
14 2955885 2967905 8.32e-06
14 2967907 2985379 12.25756553
14 2985381 3189865 3.995010905
14 3189867 3292799 2.080133872
14 3292801 3447684 10.39833102
14 3447686 3642990 5.47975331
14 3642992 3852647 5.10461945
14 3852649 4005397 6.55e-07
14 4005399 4089257 5.083998331
14 4089259 4160646 8.974456849
14 4160648 4169337 1.15e-05
14 4169339 4232226 1.59e-06
14 4232228 4259894 17.97333382
14 4259896 4432568 4.333039716
14 4432570 4614928 2.925168897
14 4614930 5190307 1.291152267
14 5190309 5474144 0.723548727
14 5474146 5909050 3.770095377
14 5909052 6849437 1.175061756
14 6849439 7142092 2.013194034
14 7142094 7392270 4.2779501
14 7392272 8766526 0.671161778
14 8766528 8859736 2.925024139
14 8859738 8945809 3.167964402
14 8945811 9141718 1.173953723
14 9141720 9287165 2.257102587
14 9287167 9483956 1.668161654
14 9483958 9495616 8.58e-06
14 9495618 9735747 4.16e-07
14 9735749 10022193 3.998859122
14 10022195 10066889 4.241469035
14 10066891 10406862 2.240128775
14 10406864 10493799 1.15e-06
14 10493801 10784420 2.450382801
14 10784422 10830980 3.811385309
14 10830982 10950685 8.35e-07
14 10950687 10967117 21.62389241
14 10967119 11037319 2.52803054
14 11037321 11099649 2.84745227
14 11099651 11108352 1.15e-05
14 11108354 11345665 3.754898805
14 11345667 11436262 4.411476097
14 11436264 11656440 1.815209966
14 11656442 12562062 0.885410911
14 12562064 12618266 1.78e-06
14 12618268 14512748 0.147977498
14 14500150 14512748 7.94e-06
14 14487259 14500148 7.76e-06
14 14360388 14487257 7.88e-07
14 14345925 14360386 0.000248911
14 14214122 14345923 1.346319128
14 14018216 14214120 3.635064776
14 13883111 14018214 1.313325192
14 13299469 13883109 0.914164334
14 13277693 13299467 4.59e-06
14 13272239 13277691 1.83e-05
14 13235327 13272237 2.71e-06
15 172960 197526 4.07e-06
15 197528 321919 8.04e-07
15 321921 370700 185.182239
15 370702 435039 1.55e-06
15 435041 807427 0.613149457
15 807429 1194237 3.077205088
15 1194239 1261502 8.534593028
15 1261504 1997576 8.832736247
15 1997578 2066064 2.864932543
15 2066066 2216029 15.88030474
15 2216031 2377304 8.717746086
15 2377306 2385168 1.27e-05
15 2385170 2413784 18.64181227
15 2413786 2471772 6.126376147
15 2471774 2507044 22.71851894
15 2507046 2566367 13.50679163
15 2566369 2731641 9.38293682
15 2731643 2883249 4.443361168
15 2883251 3034215 5.064943762
15 3034217 3269920 4.878840924
15 3269922 3345263 9.217932655
15 3345265 4138553 4.801760895
15 4138555 4167329 12.87250487
15 4167331 4191025 16.63833558
15 4191027 4615623 3.273421684
15 4615625 4642351 3.74e-06
15 4642353 5400350 2.361747047
15 5400352 5777316 3.79101484
15 5777318 5858889 1.23e-06
15 5858891 6213471 1.504131625
15 6213473 6639480 3.16742651
15 6639482 8737530 1.637452396
15 8737532 9046373 3.133216877
15 9046375 9174098 7.83e-07
15 9174100 9515069 1.04181558
15 9515071 9831730 1.121809759
15 9831732 9839016 1.37e-05
15 9839018 10310104 2.270645824
15 10310106 10408784 1.79780604
15 10408786 10765711 0.995279987
15 10765713 10803169 2.67e-06
15 10803171 10861636 1.71e-06
15 10861638 10923139 1.63e-06
15 10923141 10931683 1.17e-05
15 10931685 10990095 1.71e-06
15 10990097 11044232 6.83e-05
15 11044234 11164364 1.477161789
15 11164366 11238623 2.389704952
15 11238625 11491013 0.703106304
15 11491015 11492838 5.48e-05
15 11492840 11588347 6.212144405
15 11588349 11673179 3.481547058
15 11673181 11777080 1.707790108
15 11777082 11832898 6.363973987
15 11832900 11923192 3.933837243
15 11923194 11967635 2.25e-06
15 11967637 12156665 2.821252182
15 12156667 12187213 3.27e-06
15 12187215 12524162 1.054188319
15 12524164 13111993 1.7e-07
15 13111995 13137044 3.99e-06
15 13137046 13153668 6.02e-06
15 13153670 13676979 0.678758711
15 13676981 14464890 0.903285777
15 14464892 15587729 8.91e-08
16 657958 736954 1.27e-06
16 736956 2585760 1.927185816
16 2585762 2898522 5.480862125
16 2898524 3058432 3.439828654
16 3058434 3328920 5.030351439
16 3328922 4084488 2.845979846
16 4084490 4197957 1.562777499
16 4197959 5144895 1.059169661
16 5144897 5275809 4.582663428
16 5275811 5471162 5.12e-07
16 5471164 5524381 6.675104756
16 5524383 5534986 9.43e-06
16 5534988 6047923 0.345964709
16 6047925 6246694 1.78724009
16 6246696 6372462 2.824657306
16 6372464 6418084 3.888569111
16 6418086 7674626 1.839659796
16 7674628 8157007 1.890835045
16 8157009 8795562 1.57e-07
16 8795564 9048408 3.128375375
16 9048410 9482187 2.282261935
16 9482189 9558467 1.31e-06
16 9558469 9562092 2.76e-05
16 9562094 9820235 1.376040412
16 9820237 10052532 4.3e-07
16 10052534 10082295 3.36e-06
16 10082297 10121426 2.56e-06
16 10121428 10206982 1.17e-06
16 10206984 10250392 8.18249021
16 10250394 10375458 5.690849631
16 10375460 10496181 2.205665035
16 10496183 10611555 8.67e-07
16 10611557 10646413 7.639528946
16 10646415 10803826 1.127283642
16 10803828 10834838 3.22e-06
16 10834840 10937545 9.74e-07
16 10937547 10980152 2.35e-06
16 10980154 10993698 7.38e-06
16 10993700 11409754 3.760312794
16 11409756 11534875 1.765075407
16 11534877 11705094 5.87e-07
16 11705096 11963874 1.37267795
16 11963876 12233027 1.319769053
16 12233029 12239414 1.57e-05
16 12239416 12765259 0.337468075
16 12765261 12923882 1.118662489
16 12923884 13024460 3.801287558
16 13024462 13144017 7.052361635
16 13144019 13155106 9.02e-06
16 13155108 13590765 2.912292642
16 13590767 13628333 2.66e-06
16 13628335 13857421 1.550532546
16 13857423 13883424 3.85e-06
16 13883426 14031174 6.77e-07
16 14031176 14177976 6.351325595
16 14177978 14299969 3.244877165
16 14299971 14874604 4.524539055
16 14874606 14946112 2.644750238
16 14946114 14998141 1.92e-06
16 14998143 15668314 5.400376321
16 15668316 16027970 9.454868541
16 16027972 16051737 9.398005638
16 16051739 16094080 15.95010273
16 16094082 16143391 4.771241711
16 16143393 17801605 7.23755851
16 17786437 17801605 23.4045089
16 17698892 17786435 8.706506368
16 17690175 17698890 22.39566365
16 17535793 17690173 11.09057921
16 17465415 17535791 19.03660803
16 17262488 17465413 17.27424345
16 17209574 17262486 7.378183468
16 16958533 17209572 1.566999414
16 16902828 16958531 53.91363432
16 16757258 16902826 6.87e-07
16 16672261 16757256 2.086880713
16 16289362 16672259 4.200067381
16 16259423 16289360 3.34e-06
16 16244072 16259421 11.55545567
16 16244072 26660082 11.92446235
17 77433 259869 5.48e-07
17 259871 268688 1.13e-05
17 268690 386763 8.47e-07
17 386765 488453 1.949281149
17 488455 629240 7.1e-07
17 629242 1063426 5.642438494
17 1063428 1293410 7.999866947
17 1293412 1311732 5.46e-06
17 1311734 1355311 8.154032906
17 1355313 1373206 26.50798547
17 1373208 1378273 1.97e-05
17 1378275 1407278 8.154235477
17 1407280 1433668 6.725437666
17 1433670 1433695 0.003703704
17 1433697 1444496 9.26e-06
17 1444498 1486125 2.4e-06
17 1486127 1494261 21.81392576
17 1494263 1670570 2.057671475
17 1670572 1671073 0.000198807
17 1671075 1756848 2.112002332
17 1756850 1791932 21.39900524
17 1791934 1879405 7.982774113
17 1879407 1910200 8.172424095
17 1910202 2292373 16.10372344
17 2292375 2697223 12.10843868
17 2697225 3074149 11.23032611
17 3074151 3475325 2.510119997
17 3475327 3584415 7.372545605
17 3584417 3844361 9.397881868
17 3844363 4150998 5.78307608
17 4151000 4269589 5.276419796
17 4269591 4430134 6.23e-07
17 4430136 4449866 5.07e-06
17 4449868 4483172 3e-06
17 4483174 4488702 1.81e-05
17 4488704 4590533 9.82e-07
17 4590535 4686935 1.840872596
17 4686937 4849937 2.17967939
17 4849939 4859749 1.02e-05
17 4859751 4962455 3.45900629
17 4962457 5351890 1.828132294
17 5351892 5463558 4.776808038
17 5463560 5832674 1.928884416
17 5832676 6030294 1.121164356
17 7926753 8287822 0.588788355
17 8287824 8682946 2.707872718
17 8682948 9214627 1.238412695
17 9214629 9278387 4.424145232
17 9278389 9590292 2.208615444
17 9590294 10329936 4.710109323
17 10329938 10399776 12.1746134
17 10399778 10992298 5.670356712
17 10992300 11001066 29.04874544
17 11001068 11033394 26.28167842
17 11033396 11043443 17.65656284
17 11043445 11044847 144.3074074
17 11044849 11054169 26.03241794
17 11054171 11135601 12.01942602
17 11135603 11153354 9.992722357
17 11153356 11259409 6.713196926
17 11259411 11261414 4.99e-05
17 11261416 11644278 7.055207332
17 11644280 11652731 1.18e-05
17 11652733 11735948 12.85982191
17 11735950 11948308 4.617565455
17 11948310 12085190 7.164286027
17 12085192 12106390 25.1646934
17 12106392 12120000 13.03749449
17 12120002 12154616 15.41202334
17 12154618 12169043 24.62692174
17 12169045 12171651 3.83e-05
17 12171653 12181673 9.98e-06
17 12181675 12777595 12.02560335
17 12777597 12781770 54.59561677
17 12781772 13039988 1.035787203
17 13039990 13214416 1.937323709
17 13214418 13478852 7.01714101
17 13478854 13565487 6.570899752
17 13565489 13663034 3.886474212
17 13663036 13755152 1.926458455
17 13755154 13770681 6.44e-06
17 13770683 13784131 13.19490706
17 13784133 13792567 1.19e-05
17 13792569 13939194 4.552892032
17 13939196 14001800 3.539370028
17 14001802 14133094 7.62e-07
17 14133096 14144225 8.98e-06
18 1034569 1367537 1.059393639
18 1367539 1486756 2.97934809
18 1486758 1748628 2.90990713
18 1748630 1755756 1.4e-05
18 1755758 2254482 3.845609413
18 2254484 2343145 4.004945693
18 2343147 2532910 2.809885385
18 2532912 2556466 4.25e-06
18 2556468 2570682 7.03e-06
18 2570684 2624779 9.85705492
18 2624781 2708900 2.109239072
18 2708902 2832391 1.436956539
18 2832393 2866486 2.93e-06
18 2866488 3231752 4.897619543
18 3231754 3251023 11.49360179
18 3251025 3401004 4.449855648
18 3401006 4011658 0.581678168
18 4011660 4018015 1.57e-05
18 4018017 4125282 9.32e-07
18 4125284 4160342 5.061648602
18 4160344 4212578 1.91e-06
18 4212580 4254806 2.37e-06
18 4254808 4517886 3.8e-07
18 4517888 5048262 1.89e-07
18 5048264 5363119 3.18e-07
18 5363121 5394473 3.19e-06
18 5394475 5489016 1.06e-06
18 5489018 5744555 3.91e-07
18 5744557 6061680 0.559392984
18 6061682 7434202 0.984820644
18 7434204 8132476 1.453424873
18 8132478 8508895 1.563503968
18 8508897 8732456 1.924614311
18 8732458 9235694 1.414069486
18 9235696 9357370 8.22e-07
18 9357372 9485204 1.388130701
18 9485206 9496394 15.85809651
18 9496396 9513481 5.85e-06
18 9513483 9819237 2.795819215
18 9819239 9848841 7.182279422
18 9848843 9898488 2.01e-06
18 9898490 10229369 3.619860917
18 10229371 10309562 5.937125435
18 10309564 10887401 3.284073764
18 10887403 10902119 12.73164832
18 10902121 11654125 3.998737909
18 11654127 11879541 4.133227011
18 11879543 11940101 3.252098745
18 11940103 12115678 4.504925474
18 12115680 12267745 5.201561812
18 12267747 12269288 6.48e-05
18 12269290 12532480 1.473940697
18 12532482 12700423 5.229299227
18 12700425 13194161 1.685105461
18 13194163 13286070 2.406788236
18 13286072 13579866 6.860856172
18 13579868 13626482 4.52085121
18 13626484 13735911 8.568521142
18 13735913 13906464 13.94528739
18 13906466 13909637 194.5651749
18 13909639 14167775 12.48712394
18 14167777 14249795 7.932317727
18 14249797 14310610 11.70204719
18 14310612 14428851 11.7495488
18 14428853 14444075 25.89492906
18 14444077 14484417 8.805497992
18 14484419 14498128 12.93794763
18 14498130 14610014 11.44352823
18 14610016 15068067 12.59733306
18 15068069 15584778 5.691689939
18 15584780 15670981 1.16e-06
18 15670983 15738342 5.218307329
19 13582 234998 5.977801714
19 235000 497355 1.786677314
19 497357 711212 28.02641251
19 711214 814751 22.57155275
19 814753 823785 39.03314147
19 823787 1073470 4.254360494
19 1073472 1164050 3.977827335
19 1164052 1221630 6.255880514
19 1221632 1445873 13.92441949
19 1445875 1758078 23.13877548
19 1758080 2221659 10.96639077
19 2221661 3178507 3.995647271
19 3178509 3529641 2.85e-07
19 3529643 19492577 9.59e-08
19 19220978 19492577 2.045407417
19 18556652 19220976 2.064377881
19 18083450 18556650 3.671898048
19 16903838 18083448 2.941308074
19 16370691 16903836 1.325287397
19 15950478 16370689 0.839378363
19 15314201 15950476 1.57e-07
19 15087026 15314199 5.856524706
19 14935680 15087024 2.907044785
19 14754627 14935678 1.948152751
19 14656176 14754625 1.02e-06
19 13517596 14656174 1.16840345
19 12664332 13517594 0.515641818
19 12414948 12664330 1.414233471
19 11937990 12414946 2.226792087
19 11929923 11937988 43.72028015
19 11211021 11929921 1.39e-07
19 10046087 11211019 1.217794055
19 9691650 10046085 0.99496864
19 9611986 9691648 2.39e-05
19 9574957 9611984 2.7e-06
19 9567576 9574955 1.35e-05
19 9506530 9567574 1.64e-06
19 9494384 9506528 8.23e-06
19 9398570 9494382 1.04e-06
19 9355021 9398568 2.3e-06
19 9295557 9355019 1.68e-06
19 9024059 9295555 3.68e-07
19 8736409 9024057 3.48e-07
19 8467823 8736407 1.313209549
19 8309445 8467821 2.227068153
19 8302931 8309443 1.54e-05
19 8272108 8302929 3.24e-06
19 8261474 8272106 9.4e-06
19 8224133 8261472 2.68e-06
19 7978071 8224131 1.909300095
19 7700032 7978069 3.395958481
19 7685154 7700030 6.72e-06
19 7560408 7685152 2.8277067
19 7539499 7560406 4.78e-06
19 6704817 7539497 4.301583477
19 6641674 6704815 1.58e-06
19 6427259 6641672 4.952299046
19 6319508 6427257 11.27175339
19 6212605 6319506 11.36114702
19 6185277 6212603 14.73043765
19 5997388 6185275 5.651846569
19 5982221 5997386 23.24604734
19 5472084 5982219 4.895396531
19 5123439 5472082 11.3591117
19 4914121 5123437 5.075098654
19 4860706 4914119 6.603850978
19 4833521 4860704 3.68e-06
19 3850230 4833519 0.35370699
20 17815298 17875291 21.93272273
20 17661582 17815296 2.204315101
20 17656575 17661580 52.95024965
20 17532607 17656573 4.293034493
20 17504307 17532605 7.792530035
20 17500403 17504305 2.56e-05
20 17380623 17500401 4.55027467
20 17370410 17380621 9.79e-06
20 17366808 17370408 2.78e-05
20 17317267 17366806 18.37473204
20 16994270 17317265 11.88586055
20 16849470 16994268 12.88212569
20 16827522 16849468 42.6253645
20 16801759 16827520 28.74334899
20 16396938 16801757 9.292670835
20 16343244 16396936 6.901929452
20 16210885 16343242 5.378927765
20 16048892 16210883 6.360208157
20 15834607 16048890 7.498001727
20 15767157 15834605 3.256222387
20 15748479 15767155 9.501284934
20 15721377 15748477 6.548158807
20 15650516 15721375 1.41e-06
20 15590413 15650514 9.886809311
20 15503252 15590411 13.09912576
20 15483788 15503250 5.14e-06
20 15409897 15483786 5.430975356
20 15343247 15409895 5.329936984
20 15244684 15343245 5.410915861
20 14684346 15244682 2.550182033
20 14590886 14684344 1.07e-06
20 14535252 14590884 6.384775497
20 14448987 14535250 2.057063699
20 14400491 14448985 3.659326542
20 14354737 14400489 2.19e-06
20 14302788 14354735 1.92e-06
20 14031835 14302786 0.654928346
20 13896296 14031833 2.62109356
20 13874811 13896294 4.65e-06
20 13824406 13874809 3.520581292
20 13706471 13824404 3.012340696
20 13700830 13706469 1.77e-05
20 13483085 13700828 1.631522653
20 13474232 13483083 1.13e-05
20 13439536 13474230 2.88e-06
20 13409202 13439534 3.3e-06
20 13133161 13409200 2.578804598
20 13074808 13133159 1.71e-06
20 12994892 13074806 1.25e-06
20 12768811 12994890 4.42e-07
20 12299510 12768809 2.662366583
20 12102092 12299508 5.07e-07
20 11946428 12102090 6.42e-07
20 11895629 11946426 1.97e-06
20 11622968 11895627 3.67e-07
20 11464551 11622966 1.68116995
20 11375457 11464549 2.989002626
20 10535126 11375455 1.060034201
20 10517201 10535124 5.58e-06
20 10320791 10517199 5.09e-07
20 7871118 10320789 0.640208183
20 7797090 7871116 6.377265359
20 7028584 7797088 0.550931027
20 6918302 7028582 1.916160389
20 6904031 6918300 7.01e-06
20 6755249 6904029 7.716198196
20 6561597 6755247 2.354841158
20 6554045 6561595 1.32e-05
20 6190283 6554043 0.535351411
20 5570332 6190281 2.859891991
20 5084167 5570330 2.200841484
20 5062503 5084165 10.23818316
20 4472548 5062501 4.047244281
20 4242634 4472546 8.939546091
20 3995304 4242632 3.601096915
20 3990644 3995302 2.15e-05
20 3906426 3990642 2.10720986
20 3689910 3906424 0.915196106
20 3632388 3689908 10.22699489
20 3431313 3632386 2.925766505
20 3348642 3431311 3.879746223
20 3091798 3348640 4.963835636
20 2458902 3091796 9.063386718
20 2379660 2458900 2.417650993
20 2342008 2379658 2.66e-06
20 2296059 2342006 2.18e-06
20 2284709 2296057 8.81e-06
20 2125218 2284707 3.858232902
20 1403118 2125216 6.399130208
20 1287240 1403116 8.63e-07
21 1774068 2142655 2.71e-07
21 2142657 2306627 6.1e-07
21 2306629 2335276 3.49e-06
21 2335278 2364021 3.48e-06
21 2364023 2806399 1.05794592
21 2806401 2806468 0.001449275
21 2806470 3764500 0.283426441
21 3764502 4290154 1.423040631
21 4290156 4715950 0.582192411
21 4715952 5126725 0.968265839
21 5126727 5261001 3.972266824
21 5261003 5572875 3.21e-07
21 5572877 5615091 2.37e-06
21 5615093 5664760 2.01e-06
21 5664762 6004030 2.803194801
21 6004032 6012767 1.14e-05
21 6012769 6445370 1.093752702
21 6445372 6597306 6.58e-07
21 6597308 6780582 0.968280626
21 6780584 6870972 1.11e-06
21 6870974 6905995 2.86e-06
21 6905997 7659405 3.520259089
21 7659407 7774754 3.477157149
21 7774756 7996834 1.599768552
21 7996836 8011751 6.7e-06
21 8011753 8421409 3.213924298
21 8421411 8732209 7.074192728
21 8732211 9653768 4.37898127
21 9653770 9659704 307.5807278
21 9659706 9691438 9.138677759
21 9691440 9798803 5.259240907
21 9798805 9876134 6.759681111
21 9876136 10063485 3.307687709
21 10063487 10112146 10.00172006
21 10112148 10170111 1.73e-06
21 10170113 10177661 1.32e-05
21 10177663 10314804 11.07727554
21 10314806 10397523 18.28473144
21 10397525 10530722 12.12278996
21 10530724 10627211 11.90712309
21 10627213 10669783 5.34821244
21 10669785 10867763 12.03241287
21 10867765 10879335 8.64e-06
21 10879337 10889159 1.02e-05
21 10889161 10951337 1.61e-06
21 10951339 10957080 1.74e-05
21 10957082 11016180 11.27434687
21 11016182 11139331 9.051974405
21 11139333 11253348 20.44539674
21 11253350 11391821 15.52667524
21 11391823 11623041 7.281447539
21 11623043 15799171 6.820017322
